********* LOGFILE OF P0 *********
**********************************
Shared node size 3, rank 0
Matrix structure expanded
METIS used
Ordering done
Supernodes found
Relaxation done
Permute time: 0.00367618
Symbfact done
Maximum single task memory requirement is: 0
Adding
Shrinking
Starting Send
Send Done
+++++++++++++1++++++++
cols:  100 1 18 17 16 15 19 20 21 25 24 23 22 14 13 5 4 3 2 6 7 8 12 11 10 9 26 27 28 29 30 31 32 33 34 35 36 37 38 39 40 41 42 43 44 45 46 47 48 51 52 54 57 61 70 79 96 97 98 99 68 92 89 88 87 86 85 53 83 81 80 76 73 72 71 74 69 64 63 62 65 60 59 94 56 58 50 82 55 91 84 66 49 77 90 95 67 75 93 78

1 | 100:   11057 0 0 0 0 0 0 0 0 0 0 0 0 0 0 0 0 0 0 0 0 0 0 0 0 0 0 0 0 0 0 0 0 0 0 0 0 0 0 0 0 0 0 0 0 0 0 0 0 0 0 0 0 0 0 0 0 0 0 0 0 0 0 0 0 0 0 0 0 0 0 0 0 0 0 0 0 0 0 0 0 0 0 0 0 0 0 0 0 0 0 0 0 0 0 0 0 0 0 0 
2 | 1:   0.88505 1453.9 0 0 0 0 0 0 0 0 0 0 0 0 0 0 0 0 0 0 0 0 0 0 0 0 0 0 0 0 0 0 0 0 0 0 0 0 0 0 0 0 0 0 0 0 0 0 0 0 0 0 0 0 0 0 0 0 0 0 0 0 0 0 0 0 0 0 0 0 0 0 0 0 0 0 0 0 0 0 0 0 0 0 0 0 0 0 0 0 0 0 0 0 0 0 0 0 0 0 
3 | 18:   0.914986 0.668511 1440.33 0 0 0 0 0 0 0 0 0 0 0 0 0 0 0 0 0 0 0 0 0 0 0 0 0 0 0 0 0 0 0 0 0 0 0 0 0 0 0 0 0 0 0 0 0 0 0 0 0 0 0 0 0 0 0 0 0 0 0 0 0 0 0 0 0 0 0 0 0 0 0 0 0 0 0 0 0 0 0 0 0 0 0 0 0 0 0 0 0 0 0 0 0 0 0 0 0 
4 | 17:   0.860993 0.432164 0.265421 1439.34 0 0 0 0 0 0 0 0 0 0 0 0 0 0 0 0 0 0 0 0 0 0 0 0 0 0 0 0 0 0 0 0 0 0 0 0 0 0 0 0 0 0 0 0 0 0 0 0 0 0 0 0 0 0 0 0 0 0 0 0 0 0 0 0 0 0 0 0 0 0 0 0 0 0 0 0 0 0 0 0 0 0 0 0 0 0 0 0 0 0 0 0 0 0 0 0 
5 | 16:   0.88505 0.646468 0.281612 0.26156 1351.59 0 0 0 0 0 0 0 0 0 0 0 0 0 0 0 0 0 0 0 0 0 0 0 0 0 0 0 0 0 0 0 0 0 0 0 0 0 0 0 0 0 0 0 0 0 0 0 0 0 0 0 0 0 0 0 0 0 0 0 0 0 0 0 0 0 0 0 0 0 0 0 0 0 0 0 0 0 0 0 0 0 0 0 0 0 0 0 0 0 0 0 0 0 0 0 
6 | 15:   0.869042 0.485971 0.242001 0.381325 0.133229 1168.37 0 0 0 0 0 0 0 0 0 0 0 0 0 0 0 0 0 0 0 0 0 0 0 0 0 0 0 0 0 0 0 0 0 0 0 0 0 0 0 0 0 0 0 0 0 0 0 0 0 0 0 0 0 0 0 0 0 0 0 0 0 0 0 0 0 0 0 0 0 0 0 0 0 0 0 0 0 0 0 0 0 0 0 0 0 0 0 0 0 0 0 0 0 0 
7 | 19:   0.84815 0.660981 0.33244 0.280829 0.0275061 0.23977 821.957 0 0 0 0 0 0 0 0 0 0 0 0 0 0 0 0 0 0 0 0 0 0 0 0 0 0 0 0 0 0 0 0 0 0 0 0 0 0 0 0 0 0 0 0 0 0 0 0 0 0 0 0 0 0 0 0 0 0 0 0 0 0 0 0 0 0 0 0 0 0 0 0 0 0 0 0 0 0 0 0 0 0 0 0 0 0 0 0 0 0 0 0 0 
8 | 20:   0.897169 0.443842 0.165204 0.35844 0.163647 0.207741 0.0809609 823.428 0 0 0 0 0 0 0 0 0 0 0 0 0 0 0 0 0 0 0 0 0 0 0 0 0 0 0 0 0 0 0 0 0 0 0 0 0 0 0 0 0 0 0 0 0 0 0 0 0 0 0 0 0 0 0 0 0 0 0 0 0 0 0 0 0 0 0 0 0 0 0 0 0 0 0 0 0 0 0 0 0 0 0 0 0 0 0 0 0 0 0 0 
9 | 21:   0.825902 0.404926 0.231739 0.319865 0.281679 0.221459 -0.0550031 0.0645965 918.394 0 0 0 0 0 0 0 0 0 0 0 0 0 0 0 0 0 0 0 0 0 0 0 0 0 0 0 0 0 0 0 0 0 0 0 0 0 0 0 0 0 0 0 0 0 0 0 0 0 0 0 0 0 0 0 0 0 0 0 0 0 0 0 0 0 0 0 0 0 0 0 0 0 0 0 0 0 0 0 0 0 0 0 0 0 0 0 0 0 0 0 
10 | 25:   0.962467 0.566955 0.287898 0.368238 0.187193 0.437275 0.203154 -0.0110214 0.0584725 1163.6 0 0 0 0 0 0 0 0 0 0 0 0 0 0 0 0 0 0 0 0 0 0 0 0 0 0 0 0 0 0 0 0 0 0 0 0 0 0 0 0 0 0 0 0 0 0 0 0 0 0 0 0 0 0 0 0 0 0 0 0 0 0 0 0 0 0 0 0 0 0 0 0 0 0 0 0 0 0 0 0 0 0 0 0 0 0 0 0 0 0 
11 | 24:   0.87266 0.493948 0.250088 0.178771 0.137725 0.25978 -0.000476579 -0.127218 -0.093221 0.144296 1125.87 0 0 0 0 0 0 0 0 0 0 0 0 0 0 0 0 0 0 0 0 0 0 0 0 0 0 0 0 0 0 0 0 0 0 0 0 0 0 0 0 0 0 0 0 0 0 0 0 0 0 0 0 0 0 0 0 0 0 0 0 0 0 0 0 0 0 0 0 0 0 0 0 0 0 0 0 0 0 0 0 0 0 0 0 0 0 0 0 0 
12 | 23:   0.961291 0.594815 0.366919 0.275472 0.233946 0.327349 0.150801 0.0394572 0.0848875 0.0375228 0.122159 813.695 0 0 0 0 0 0 0 0 0 0 0 0 0 0 0 0 0 0 0 0 0 0 0 0 0 0 0 0 0 0 0 0 0 0 0 0 0 0 0 0 0 0 0 0 0 0 0 0 0 0 0 0 0 0 0 0 0 0 0 0 0 0 0 0 0 0 0 0 0 0 0 0 0 0 0 0 0 0 0 0 0 0 0 0 0 0 0 0 
13 | 22:   0.843176 0.637374 0.254867 0.423147 0.176037 0.253171 0.137031 0.125007 0.0522796 0.120431 -0.0323588 0.0833054 797.864 0 0 0 0 0 0 0 0 0 0 0 0 0 0 0 0 0 0 0 0 0 0 0 0 0 0 0 0 0 0 0 0 0 0 0 0 0 0 0 0 0 0 0 0 0 0 0 0 0 0 0 0 0 0 0 0 0 0 0 0 0 0 0 0 0 0 0 0 0 0 0 0 0 0 0 0 0 0 0 0 0 0 0 0 0 0 0 
14 | 14:   0.88921 0.481592 0.105376 0.195115 0.157105 0.23297 0.145684 -0.0321428 -0.198817 0.182384 0.302059 0.0334865 0.0907708 954.001 0 0 0 0 0 0 0 0 0 0 0 0 0 0 0 0 0 0 0 0 0 0 0 0 0 0 0 0 0 0 0 0 0 0 0 0 0 0 0 0 0 0 0 0 0 0 0 0 0 0 0 0 0 0 0 0 0 0 0 0 0 0 0 0 0 0 0 0 0 0 0 0 0 0 0 0 0 0 0 0 0 0 0 0 0 0 
15 | 13:   0.914082 0.629891 0.329102 0.296216 0.209204 0.193068 0.0526058 0.143394 0.230512 0.0775426 0.0471804 0.0357686 0.157772 -0.0521181 1111.53 0 0 0 0 0 0 0 0 0 0 0 0 0 0 0 0 0 0 0 0 0 0 0 0 0 0 0 0 0 0 0 0 0 0 0 0 0 0 0 0 0 0 0 0 0 0 0 0 0 0 0 0 0 0 0 0 0 0 0 0 0 0 0 0 0 0 0 0 0 0 0 0 0 0 0 0 0 0 0 0 0 0 0 0 0 
16 | 5:   0.851497 0.546291 0.432846 0.39673 0.312867 0.219985 0.0885704 -0.0540847 0.150521 0.0759638 0.240775 0.0718933 0.274286 0.166427 -0.0243633 685.061 0 0 0 0 0 0 0 0 0 0 0 0 0 0 0 0 0 0 0 0 0 0 0 0 0 0 0 0 0 0 0 0 0 0 0 0 0 0 0 0 0 0 0 0 0 0 0 0 0 0 0 0 0 0 0 0 0 0 0 0 0 0 0 0 0 0 0 0 0 0 0 0 0 0 0 0 0 0 0 0 0 0 0 0 
17 | 4:   0.899792 0.661419 0.341547 0.33128 0.407457 0.242495 0.0712934 0.0854235 0.0391946 0.0840323 0.154024 -0.195213 0.112625 -0.0224765 0.066736 0.298596 893.68 0 0 0 0 0 0 0 0 0 0 0 0 0 0 0 0 0 0 0 0 0 0 0 0 0 0 0 0 0 0 0 0 0 0 0 0 0 0 0 0 0 0 0 0 0 0 0 0 0 0 0 0 0 0 0 0 0 0 0 0 0 0 0 0 0 0 0 0 0 0 0 0 0 0 0 0 0 0 0 0 0 0 0 
18 | 3:   0.910464 0.458904 0.392137 0.200879 0.272416 0.266285 0.0376869 0.0118128 -0.0734244 0.10423 -0.069844 0.244162 0.0663948 0.142879 0.098534 -0.015327 0.196453 979.157 0 0 0 0 0 0 0 0 0 0 0 0 0 0 0 0 0 0 0 0 0 0 0 0 0 0 0 0 0 0 0 0 0 0 0 0 0 0 0 0 0 0 0 0 0 0 0 0 0 0 0 0 0 0 0 0 0 0 0 0 0 0 0 0 0 0 0 0 0 0 0 0 0 0 0 0 0 0 0 0 0 0 
19 | 2:   0.887673 0.641195 0.20218 0.369047 0.253502 0.174292 -0.111947 0.181059 0.144374 0.157107 0.0776257 0.28466 0.0498108 0.0611107 0.122345 0.0961851 0.25583 0.119691 862.576 0 0 0 0 0 0 0 0 0 0 0 0 0 0 0 0 0 0 0 0 0 0 0 0 0 0 0 0 0 0 0 0 0 0 0 0 0 0 0 0 0 0 0 0 0 0 0 0 0 0 0 0 0 0 0 0 0 0 0 0 0 0 0 0 0 0 0 0 0 0 0 0 0 0 0 0 0 0 0 0 0 
20 | 6:   0.928642 0.660503 0.157568 0.249474 0.226893 0.252736 0.148334 0.172501 0.0915612 0.124375 0.180639 -0.0070584 0.211108 0.0804621 0.0321638 0.198818 -0.0316514 -0.119731 0.0413153 733.43 0 0 0 0 0 0 0 0 0 0 0 0 0 0 0 0 0 0 0 0 0 0 0 0 0 0 0 0 0 0 0 0 0 0 0 0 0 0 0 0 0 0 0 0 0 0 0 0 0 0 0 0 0 0 0 0 0 0 0 0 0 0 0 0 0 0 0 0 0 0 0 0 0 0 0 0 0 0 0 0 
21 | 7:   0.956227 0.486529 0.195075 0.388683 0.233519 0.216952 0.00605422 0.0238197 -0.0237229 0.119839 0.132975 0.00650855 0.140103 0.158185 0.093394 0.0967111 0.0172744 -0.0190025 -0.0125854 0.0336931 1039.81 0 0 0 0 0 0 0 0 0 0 0 0 0 0 0 0 0 0 0 0 0 0 0 0 0 0 0 0 0 0 0 0 0 0 0 0 0 0 0 0 0 0 0 0 0 0 0 0 0 0 0 0 0 0 0 0 0 0 0 0 0 0 0 0 0 0 0 0 0 0 0 0 0 0 0 0 0 0 0 
22 | 8:   0.942661 0.601226 0.336549 0.273351 0.257927 0.202325 0.152128 -0.0686831 0.0255526 0.187482 0.209689 0.0340323 0.234318 0.0217364 0.0134439 -0.0468499 0.062373 0.159769 0.265003 0.038605 0.080188 877.029 0 0 0 0 0 0 0 0 0 0 0 0 0 0 0 0 0 0 0 0 0 0 0 0 0 0 0 0 0 0 0 0 0 0 0 0 0 0 0 0 0 0 0 0 0 0 0 0 0 0 0 0 0 0 0 0 0 0 0 0 0 0 0 0 0 0 0 0 0 0 0 0 0 0 0 0 0 0 
23 | 12:   0.939857 0.59396 0.263251 0.397907 0.141845 0.0381334 -0.115115 0.174196 0.00342547 0.162969 -0.131712 0.223196 0.113298 0.102915 0.130548 -0.0106864 0.250972 0.0147875 0.00410935 -0.127129 -0.0929739 0.112969 793.705 0 0 0 0 0 0 0 0 0 0 0 0 0 0 0 0 0 0 0 0 0 0 0 0 0 0 0 0 0 0 0 0 0 0 0 0 0 0 0 0 0 0 0 0 0 0 0 0 0 0 0 0 0 0 0 0 0 0 0 0 0 0 0 0 0 0 0 0 0 0 0 0 0 0 0 0 0 
24 | 11:   0.901058 0.597184 0.339897 0.255508 0.261835 0.206209 0.108829 0.26746 0.0321536 0.0981811 0.0476452 0.173385 0.222149 0.128564 0.0327475 -0.0286719 -0.15442 0.0650676 -0.0169408 0.134747 0.203736 0.0172517 -0.198651 838.061 0 0 0 0 0 0 0 0 0 0 0 0 0 0 0 0 0 0 0 0 0 0 0 0 0 0 0 0 0 0 0 0 0 0 0 0 0 0 0 0 0 0 0 0 0 0 0 0 0 0 0 0 0 0 0 0 0 0 0 0 0 0 0 0 0 0 0 0 0 0 0 0 0 0 0 0 
25 | 10:   0.887402 0.429801 0.12873 0.219316 0.308627 0.241757 0.269382 -0.00245825 0.159553 0.178064 0.221854 0.0406009 0.0505388 0.202792 0.129233 -0.0440601 0.113025 -0.0467363 -0.137605 -0.181647 0.195686 0.065978 -0.00578407 -0.0799325 739.161 0 0 0 0 0 0 0 0 0 0 0 0 0 0 0 0 0 0 0 0 0 0 0 0 0 0 0 0 0 0 0 0 0 0 0 0 0 0 0 0 0 0 0 0 0 0 0 0 0 0 0 0 0 0 0 0 0 0 0 0 0 0 0 0 0 0 0 0 0 0 0 0 0 0 0 
26 | 9:   0.873474 0.595079 0.442037 0.32073 0.264006 0.21199 -0.0314005 -0.000335395 -0.0074802 0.0569084 0.136792 -0.0183454 -0.0724319 0.128875 0.276845 -0.0818949 0.025891 0.0394814 -0.0869534 -0.106304 0.00977546 0.0723303 -0.0876091 0.174875 -0.0829364 845.711 0 0 0 0 0 0 0 0 0 0 0 0 0 0 0 0 0 0 0 0 0 0 0 0 0 0 0 0 0 0 0 0 0 0 0 0 0 0 0 0 0 0 0 0 0 0 0 0 0 0 0 0 0 0 0 0 0 0 0 0 0 0 0 0 0 0 0 0 0 0 0 0 0 0 
27 | 26:   0.868319 0.655914 0.26293 0.193119 0.233642 0.259483 0.0526047 0.0420908 0.0138705 0.275411 -0.0157472 0.0220347 0.148866 0.10788 0.0651713 0.18531 -0.0204964 -0.119893 0.033683 0.163734 0.0590069 -0.0478987 0.120289 0.278441 -0.12719 0.144684 625.349 0 0 0 0 0 0 0 0 0 0 0 0 0 0 0 0 0 0 0 0 0 0 0 0 0 0 0 0 0 0 0 0 0 0 0 0 0 0 0 0 0 0 0 0 0 0 0 0 0 0 0 0 0 0 0 0 0 0 0 0 0 0 0 0 0 0 0 0 0 0 0 0 0 
28 | 27:   0.944922 0.621773 0.421359 0.320694 0.363239 0.0202313 0.113685 -0.149845 0.155946 0.209662 0.183295 0.157973 0.0271045 0.128216 -0.0962651 0.0149366 -0.0508537 -0.0504032 -0.0595851 -0.0372564 -0.206818 -0.151839 -0.0152255 0.239108 -0.0304172 0.203436 0.180802 746.566 0 0 0 0 0 0 0 0 0 0 0 0 0 0 0 0 0 0 0 0 0 0 0 0 0 0 0 0 0 0 0 0 0 0 0 0 0 0 0 0 0 0 0 0 0 0 0 0 0 0 0 0 0 0 0 0 0 0 0 0 0 0 0 0 0 0 0 0 0 0 0 0 
29 | 28:   0.955232 0.500103 0.299823 0.278145 0.255053 0.156397 0.091184 0.290368 0.302023 0.069779 0.185541 -0.152021 0.0916816 0.0284631 0.112773 0.112285 -0.00465676 -0.0647126 -0.00255464 -0.0149133 -0.0184357 0.108366 0.0993908 0.0507211 0.133524 0.203754 0.255546 0.097414 562.217 0 0 0 0 0 0 0 0 0 0 0 0 0 0 0 0 0 0 0 0 0 0 0 0 0 0 0 0 0 0 0 0 0 0 0 0 0 0 0 0 0 0 0 0 0 0 0 0 0 0 0 0 0 0 0 0 0 0 0 0 0 0 0 0 0 0 0 0 0 0 0 
30 | 29:   0.874288 0.591664 0.421268 0.326523 0.226634 0.386062 0.350465 -0.0577944 0.173652 0.108647 0.048561 0.155566 0.103072 -0.123882 0.173204 0.0997556 0.215281 -0.10239 0.0804435 0.226387 -0.0598483 0.0258254 -0.2678 0.303305 -0.0959937 0.0340794 0.149939 -0.121092 0.15919 804.676 0 0 0 0 0 0 0 0 0 0 0 0 0 0 0 0 0 0 0 0 0 0 0 0 0 0 0 0 0 0 0 0 0 0 0 0 0 0 0 0 0 0 0 0 0 0 0 0 0 0 0 0 0 0 0 0 0 0 0 0 0 0 0 0 0 0 0 0 0 0 
31 | 30:   0.904857 0.570241 0.336951 0.318657 0.285935 0.17588 -0.0447616 0.102392 -0.251393 -0.00983704 0.0740585 0.309817 0.186012 0.045188 0.00910136 0.2092 0.0613212 0.0298434 -0.0823033 0.0893788 0.0772038 -0.252844 -0.13136 0.0262018 0.107689 0.112988 0.0928511 -0.0135423 0.203534 -0.0296126 479.104 0 0 0 0 0 0 0 0 0 0 0 0 0 0 0 0 0 0 0 0 0 0 0 0 0 0 0 0 0 0 0 0 0 0 0 0 0 0 0 0 0 0 0 0 0 0 0 0 0 0 0 0 0 0 0 0 0 0 0 0 0 0 0 0 0 0 0 0 0 
32 | 31:   0.875916 0.580707 0.347799 0.409528 0.202898 0.100557 0.0666963 0.0272292 0.308072 0.161918 0.337849 0.162458 0.145503 -0.0221133 0.14644 0.155754 0.107072 0.0123292 -0.0108993 0.16229 -0.0320847 -0.0745371 -0.144 0.0909351 -0.0850928 0.21389 0.0718395 0.0825584 -0.0695272 0.0362511 0.00437347 748.369 0 0 0 0 0 0 0 0 0 0 0 0 0 0 0 0 0 0 0 0 0 0 0 0 0 0 0 0 0 0 0 0 0 0 0 0 0 0 0 0 0 0 0 0 0 0 0 0 0 0 0 0 0 0 0 0 0 0 0 0 0 0 0 0 0 0 0 0 
33 | 32:   0.859817 0.47378 0.162282 0.284029 0.204034 0.133578 0.125085 0.146773 -0.0349536 0.138287 0.129257 0.230957 0.145916 0.103585 0.199251 0.189839 -0.0353045 0.0612966 0.0273786 0.0179422 0.138947 -0.100362 -0.0146602 0.0438205 0.0968366 0.098665 -0.0814449 -0.110398 0.0943868 0.0652404 -0.179428 0.186455 621.325 0 0 0 0 0 0 0 0 0 0 0 0 0 0 0 0 0 0 0 0 0 0 0 0 0 0 0 0 0 0 0 0 0 0 0 0 0 0 0 0 0 0 0 0 0 0 0 0 0 0 0 0 0 0 0 0 0 0 0 0 0 0 0 0 0 0 0 
34 | 33:   0.894908 0.628261 0.264923 0.294194 0.256523 0.198501 0.0619014 -0.109011 0.121439 0.134553 0.12979 0.110223 0.0541624 0.199463 0.106003 0.181683 0.256444 0.144433 0.0993607 -0.036976 0.0015831 -0.0169075 0.0167832 -0.0148499 0.155097 -0.0927973 0.0668717 -0.0101913 0.0279181 0.179457 0.0122007 -0.135877 0.126606 922.061 0 0 0 0 0 0 0 0 0 0 0 0 0 0 0 0 0 0 0 0 0 0 0 0 0 0 0 0 0 0 0 0 0 0 0 0 0 0 0 0 0 0 0 0 0 0 0 0 0 0 0 0 0 0 0 0 0 0 0 0 0 0 0 0 0 0 
35 | 34:   0.956046 0.476054 0.504734 0.246898 0.204954 0.241916 0.0460445 0.226167 0.187731 2.0491e-05 -0.102947 -9.77822e-06 0.0356221 -0.0349128 0.345509 0.0992527 0.310706 0.0695817 0.117698 0.255839 0.0578587 -0.107865 0.131905 0.223504 -0.0953842 0.183232 0.0693433 -0.0661207 0.0364928 0.164113 0.0645774 0.154778 0.124819 -0.0475089 866.716 0 0 0 0 0 0 0 0 0 0 0 0 0 0 0 0 0 0 0 0 0 0 0 0 0 0 0 0 0 0 0 0 0 0 0 0 0 0 0 0 0 0 0 0 0 0 0 0 0 0 0 0 0 0 0 0 0 0 0 0 0 0 0 0 0 
36 | 35:   0.873112 0.672485 0.326387 0.346451 0.207046 0.212192 0.0355692 0.0348597 -0.0322164 0.121485 0.143219 0.011813 0.184613 0.162203 0.0727308 0.235158 0.328973 0.0616436 0.106119 0.107469 0.164016 -0.178874 0.146386 0.178233 -0.0945472 0.0946999 0.0644407 -0.115538 0.0796004 0.0281165 -0.0585926 0.121197 -0.200079 0.078212 0.0337488 488.92 0 0 0 0 0 0 0 0 0 0 0 0 0 0 0 0 0 0 0 0 0 0 0 0 0 0 0 0 0 0 0 0 0 0 0 0 0 0 0 0 0 0 0 0 0 0 0 0 0 0 0 0 0 0 0 0 0 0 0 0 0 0 0 0 
37 | 36:   0.937506 0.510056 0.238493 0.248234 0.271517 0.230115 0.1993 0.146723 0.113047 -0.0662745 0.255622 0.220327 0.0128579 0.023026 0.173272 0.0878327 0.0452671 0.0432494 0.0223596 0.23055 0.050373 0.053768 0.0242499 0.144598 -0.012398 0.0691657 0.00624987 0.164471 0.00114913 -0.0847433 0.219696 0.245722 0.0488384 -0.150519 -0.114136 -0.0506258 493.237 0 0 0 0 0 0 0 0 0 0 0 0 0 0 0 0 0 0 0 0 0 0 0 0 0 0 0 0 0 0 0 0 0 0 0 0 0 0 0 0 0 0 0 0 0 0 0 0 0 0 0 0 0 0 0 0 0 0 0 0 0 0 0 
38 | 37:   0.871484 0.635296 0.124083 0.318802 0.185849 0.169762 -0.0328975 0.00825438 0.229526 5.05445e-05 0.228673 -0.0597537 0.0758244 0.0703696 0.0521095 0.283107 -0.14543 0.191847 0.21503 0.0321287 0.0314254 0.0474695 -0.120971 0.192675 -0.130858 -0.0546341 0.304513 -0.183953 -0.0161527 -0.058444 0.164632 0.155499 0.118891 -0.0412152 0.176449 -0.0980787 0.0207733 621.453 0 0 0 0 0 0 0 0 0 0 0 0 0 0 0 0 0 0 0 0 0 0 0 0 0 0 0 0 0 0 0 0 0 0 0 0 0 0 0 0 0 0 0 0 0 0 0 0 0 0 0 0 0 0 0 0 0 0 0 0 0 0 
39 | 38:   0.877634 0.653741 0.337822 0.362678 0.0787656 0.197641 0.207618 0.0683788 0.185611 0.180571 0.0980424 0.0413483 0.175515 -0.0355863 0.0175693 0.0526275 0.0860612 -0.0116311 0.0294422 -0.0992954 0.120047 0.135291 0.0876658 0.396496 -0.0180528 0.0259126 -0.139147 0.058836 0.0902625 -0.203951 -0.0284913 0.0955644 0.0271937 0.16984 0.082733 0.0469513 0.053089 0.0608303 412.098 0 0 0 0 0 0 0 0 0 0 0 0 0 0 0 0 0 0 0 0 0 0 0 0 0 0 0 0 0 0 0 0 0 0 0 0 0 0 0 0 0 0 0 0 0 0 0 0 0 0 0 0 0 0 0 0 0 0 0 0 0 
40 | 39:   0.910464 0.553821 0.310728 0.41798 0.28431 0.243187 0.289572 -0.0448674 0.10209 0.211862 0.0680126 -0.00874818 0.176467 0.0488205 0.115076 -0.0468853 -0.0230072 0.141793 -0.174554 0.26021 0.055884 0.164215 0.303641 0.0396111 0.0788364 0.11256 -0.132914 0.058014 0.0252787 0.0273748 -0.069017 0.0346302 0.0580172 0.0523553 -0.128493 -0.099849 -0.0512719 -0.187898 0.0244513 622.757 0 0 0 0 0 0 0 0 0 0 0 0 0 0 0 0 0 0 0 0 0 0 0 0 0 0 0 0 0 0 0 0 0 0 0 0 0 0 0 0 0 0 0 0 0 0 0 0 0 0 0 0 0 0 0 0 0 0 0 0 
41 | 40:   0.90359 0.65511 0.383692 0.278958 0.284906 0.243396 0.160973 -0.0854777 -0.0788194 0.0328031 0.112572 0.0549236 0.174779 0.0865239 0.218411 -0.029919 0.0504117 0.199994 -0.0182983 -0.227882 0.029792 -0.0574443 -0.00672138 -0.0144513 0.157661 -0.0586352 0.121807 -0.0241595 0.0175739 0.188599 0.0696792 -0.00343452 -0.0314155 0.104129 -0.0342184 0.00799659 -0.0695222 -0.0854288 0.139325 0.221097 711.152 0 0 0 0 0 0 0 0 0 0 0 0 0 0 0 0 0 0 0 0 0 0 0 0 0 0 0 0 0 0 0 0 0 0 0 0 0 0 0 0 0 0 0 0 0 0 0 0 0 0 0 0 0 0 0 0 0 0 0 
42 | 41:   0.92394 0.524333 0.31165 0.154587 0.293654 0.270497 -0.195867 -0.195908 -0.00383267 0.195689 0.104605 0.126224 -0.0450833 0.116655 0.12494 -0.0552644 0.00211062 0.104018 -0.151088 -0.0657173 -0.041234 0.0600615 -0.050128 0.198018 0.0234128 0.110649 -0.0498485 0.200962 0.0830894 0.0974216 -0.114225 0.000214723 0.0653064 -0.148495 0.184279 -0.114735 0.0627917 -0.189327 -0.0255401 0.0259167 0.0524762 540.756 0 0 0 0 0 0 0 0 0 0 0 0 0 0 0 0 0 0 0 0 0 0 0 0 0 0 0 0 0 0 0 0 0 0 0 0 0 0 0 0 0 0 0 0 0 0 0 0 0 0 0 0 0 0 0 0 0 0 
43 | 42:   0.914443 0.403231 0.328853 0.326832 0.281025 0.14002 0.0177644 0.0635424 0.0739105 0.181783 0.0826558 0.0682542 0.0748766 -0.0435522 0.168129 0.0959133 0.0662397 0.110946 -0.0440666 0.112795 0.129145 -0.0931246 0.0180912 0.0087584 0.0534394 -0.0327539 -0.185466 -0.00303588 -0.0996402 0.008478 -0.0898248 0.158995 0.149044 0.149942 -0.0592787 0.00590309 0.0439146 0.149491 -0.0183662 0.247883 0.311357 0.17405 311.592 0 0 0 0 0 0 0 0 0 0 0 0 0 0 0 0 0 0 0 0 0 0 0 0 0 0 0 0 0 0 0 0 0 0 0 0 0 0 0 0 0 0 0 0 0 0 0 0 0 0 0 0 0 0 0 0 0 
44 | 43:   0.918513 0.61038 0.209775 0.33977 0.178851 0.106928 0.0866495 0.116566 -0.0628208 0.0688037 0.221605 0.162375 -0.00923339 0.0681085 0.190949 0.123756 0.0292966 0.108725 -0.0447986 -0.100344 0.136372 0.0338723 -0.0713629 0.353732 -0.10695 0.0178396 0.239481 0.0686296 0.127547 -0.208262 0.0511305 0.128106 0.327292 -0.0338298 -0.0708691 0.0280312 0.0456338 0.0316103 -0.0661812 0.158847 0.193224 -0.0166619 0.0395169 565.926 0 0 0 0 0 0 0 0 0 0 0 0 0 0 0 0 0 0 0 0 0 0 0 0 0 0 0 0 0 0 0 0 0 0 0 0 0 0 0 0 0 0 0 0 0 0 0 0 0 0 0 0 0 0 0 0 
45 | 44:   0.934883 0.68728 0.257434 0.188744 0.227722 -0.011315 0.159788 -0.0733866 0.138903 0.0111935 0.120689 0.0514518 0.144306 -0.0129267 -0.00448463 0.223447 0.122439 -0.0621115 0.0560892 -0.0396502 0.221375 0.26875 0.00226054 0.0716272 0.0673062 -0.129713 0.036848 -0.0914168 0.0240911 0.0462597 -0.22461 0.0727787 0.113618 0.161276 0.178314 0.363829 -0.273883 0.0462768 -0.0323824 0.190585 0.105788 -0.024479 0.0704907 -0.0734505 674.508 0 0 0 0 0 0 0 0 0 0 0 0 0 0 0 0 0 0 0 0 0 0 0 0 0 0 0 0 0 0 0 0 0 0 0 0 0 0 0 0 0 0 0 0 0 0 0 0 0 0 0 0 0 0 0 
46 | 45:   0.892014 0.517058 0.272813 0.272244 0.252753 0.244168 0.324018 -0.0638068 0.185065 0.329356 0.215955 -0.0533339 -0.0741947 0.0508149 -0.0606991 -0.122893 0.14082 0.0833555 0.0219315 -0.0701283 0.0475787 -0.173942 -0.0673848 0.206318 0.0298133 0.0220998 0.0524983 -0.0753752 -0.0181087 0.172203 -0.115183 0.067527 -0.206101 -0.170208 -0.250874 -0.0626656 0.146955 0.0486422 -0.166789 -0.0522953 -0.212165 0.00131212 -0.0197985 -0.108542 0.0711188 501.404 0 0 0 0 0 0 0 0 0 0 0 0 0 0 0 0 0 0 0 0 0 0 0 0 0 0 0 0 0 0 0 0 0 0 0 0 0 0 0 0 0 0 0 0 0 0 0 0 0 0 0 0 0 0 
47 | 46:   0.927015 0.727173 0.233711 0.203271 0.273341 0.155157 0.0936146 0.0885808 0.209188 0.128194 0.201848 0.0772675 0.216212 0.0600847 0.056161 0.0943903 -0.0723493 0.033808 0.188388 0.0177231 -0.0180851 0.0304473 0.239758 0.0563481 0.217087 0.0243371 0.0402112 0.0944408 0.0235927 0.160765 0.163052 -0.096837 0.0801705 0.215466 0.166662 0.11083 -0.102232 0.286398 0.0440802 0.16364 0.168133 -0.0848278 -0.11176 -0.0450645 0.0471482 0.118614 606.971 0 0 0 0 0 0 0 0 0 0 0 0 0 0 0 0 0 0 0 0 0 0 0 0 0 0 0 0 0 0 0 0 0 0 0 0 0 0 0 0 0 0 0 0 0 0 0 0 0 0 0 0 0 
48 | 47:   0.928009 0.667515 0.346128 0.286668 0.0146384 0.260619 0.0407365 0.114077 0.313255 0.0489706 0.0520073 0.0547599 0.143277 0.130743 0.0451822 0.106917 0.13693 0.150389 -0.113916 0.0512655 0.00366405 -0.0826692 -0.124591 0.0908496 0.110665 0.0802403 0.125272 0.258661 -0.038019 0.0927099 0.028344 -0.048861 0.0351456 -0.00140946 0.199111 0.196643 0.15703 -0.121391 0.103289 0.0962344 0.0332672 0.136523 -0.0828258 0.013354 -0.0101206 -0.28147 0.00350096 738.265 0 0 0 0 0 0 0 0 0 0 0 0 0 0 0 0 0 0 0 0 0 0 0 0 0 0 0 0 0 0 0 0 0 0 0 0 0 0 0 0 0 0 0 0 0 0 0 0 0 0 0 0 
49 | 48:   0.936601 0.62069 0.542326 0.373946 0.03498 0.186647 0.146787 0.0687432 0.0770159 0.323773 0.204057 0.196796 0.320775 0.0553247 -0.0119934 0.207984 -0.118224 -0.0243974 0.0688144 -0.0988084 0.0423206 -0.0295682 0.103555 0.239616 0.19605 -0.0510188 0.27982 -0.110652 0.169828 0.097517 0.312745 -0.0066174 0.0724112 -0.0457038 0.194307 0.141129 -0.0678809 0.0220441 -0.0439756 0.0723013 0.0841034 -0.0324698 0.0983827 0.17542 0.116345 -0.175626 -0.107266 -0.0750298 641.855 0 0 0 0 0 0 0 0 0 0 0 0 0 0 0 0 0 0 0 0 0 0 0 0 0 0 0 0 0 0 0 0 0 0 0 0 0 0 0 0 0 0 0 0 0 0 0 0 0 0 0 
50 | 51:   0.926653 0.438666 0.377479 0.232978 0.168434 0.394631 0.140593 0.25882 0.184727 0.174183 0.14423 0.0633046 -0.0184856 -0.0561408 0.0164218 0.157776 -0.0263805 0.113051 0.229684 -0.0280612 0.0757061 -0.0336073 -0.00392062 -0.0394664 0.0482606 0.131299 0.212319 -0.00661923 -0.0215026 0.0755638 0.141929 0.199123 0.181451 0.208004 -0.00750611 0.228399 -0.0673973 0.101397 0.184703 0.00456948 0.0271412 -0.00359855 0.0840567 -0.172617 0.138304 -0.125301 0.00098644 -0.0862429 -0.0587586 532.852 0 0 0 0 0 0 0 0 0 0 0 0 0 0 0 0 0 0 0 0 0 0 0 0 0 0 0 0 0 0 0 0 0 0 0 0 0 0 0 0 0 0 0 0 0 0 0 0 0 0 
51 | 52:   0.905851 0.490637 0.443389 0.369274 0.182985 0.337079 0.168648 0.0544237 0.0291322 0.22875 -0.154692 -0.109104 0.0700313 0.00529317 -0.0412439 -0.0695679 0.143084 -0.0232759 0.121382 0.135535 0.0415102 0.0210802 0.0762822 -0.0580066 0.196086 -0.129629 0.0828047 0.0211209 0.0902872 0.167348 0.156022 0.247443 0.217842 -0.0192694 -0.0829955 0.101097 -0.135648 0.0480985 -0.115107 0.114395 0.0724966 -0.0360988 -0.0973207 -0.153008 -0.0512521 -0.126866 0.255239 -0.237168 0.0554445 0.206397 529.675 0 0 0 0 0 0 0 0 0 0 0 0 0 0 0 0 0 0 0 0 0 0 0 0 0 0 0 0 0 0 0 0 0 0 0 0 0 0 0 0 0 0 0 0 0 0 0 0 0 
52 | 54:   0.839197 0.708178 0.431522 0.370249 0.167642 0.0770124 0.103857 0.0118987 -0.177101 0.226759 0.0966129 0.234465 -0.0366356 -0.0220625 0.00468237 0.250346 0.127431 -0.0829527 -0.0766332 0.0636141 0.103789 0.0237176 0.0703445 0.149409 0.0865826 0.104361 -0.074836 0.123855 0.164427 0.265295 -0.152949 0.134318 0.0100576 -0.123701 -0.0243551 0.0810005 0.161787 0.0593861 -0.124088 0.0781484 -0.0786437 0.130753 0.0500026 -0.167683 -0.0680382 0.00173896 0.0734358 -0.0327599 0.0151441 0.124062 -0.117208 316.995 0 0 0 0 0 0 0 0 0 0 0 0 0 0 0 0 0 0 0 0 0 0 0 0 0 0 0 0 0 0 0 0 0 0 0 0 0 0 0 0 0 0 0 0 0 0 0 0 
53 | 57:   0.884869 0.622236 0.267297 0.214608 0.250532 0.304334 0.0382284 0.00900914 0.139536 -0.107372 0.059028 0.113438 0.265541 0.0754053 0.111026 0.222599 0.200765 -0.0227097 -0.102944 0.00354399 -0.120317 -0.00488665 -0.135306 0.0765351 0.000815223 -0.00194258 -0.0832684 0.157541 0.0966419 -0.110779 -0.0528607 -0.0582965 -0.0227991 -0.0137442 0.0200317 0.12438 0.111214 0.0570581 0.117803 0.103792 0.0668993 -0.216971 0.0561817 0.132766 0.0940384 0.064381 -0.108474 0.18639 0.0249051 0.240029 -0.274808 0.130047 496.066 0 0 0 0 0 0 0 0 0 0 0 0 0 0 0 0 0 0 0 0 0 0 0 0 0 0 0 0 0 0 0 0 0 0 0 0 0 0 0 0 0 0 0 0 0 0 0 
54 | 61:   0.884779 0.556128 0.268109 0.347369 0.221462 0.167103 0.0368307 0.0159334 0.0224789 0.116761 0.130998 0.254929 0.171721 -0.078503 -0.0827073 0.185115 0.0214112 -0.119443 -0.0300838 0.0695369 -0.0355341 -0.0366461 0.133539 -0.0693484 0.0926042 0.117889 0.303087 -0.064998 0.0244179 0.0339498 -0.0233323 0.130301 0.281265 -6.13272e-05 0.0546847 0.106974 0.211096 -0.138314 -0.0637504 0.135101 -0.13958 -0.197449 -0.0344919 -0.236317 0.410369 -0.0413422 0.0512327 -0.362405 0.0287222 0.136976 -0.0982541 0.0489272 0.0165619 538.083 0 0 0 0 0 0 0 0 0 0 0 0 0 0 0 0 0 0 0 0 0 0 0 0 0 0 0 0 0 0 0 0 0 0 0 0 0 0 0 0 0 0 0 0 0 0 
55 | 70:   0.926834 0.570883 0.491801 0.345181 -0.0140573 0.233958 0.173375 0.0863418 0.0261891 0.0366332 0.225462 0.188314 0.307219 0.0333777 0.0859861 0.0358459 -0.0119356 0.0287423 0.00495469 0.0840252 -0.0867696 0.0464808 0.124104 0.0293581 0.246647 -0.0208918 -0.0576197 -0.0143326 -0.0289752 -0.0181753 -0.0375611 0.0135562 -0.0846972 0.100123 -0.103899 0.0802164 0.23387 0.25471 -0.172704 -0.095595 0.106001 -0.0407277 -0.0819862 -0.235073 0.213969 0.128416 0.2995 0.0566686 -0.0978142 -0.0619217 -0.0838836 -0.508154 0.0836368 0.0343883 479.799 0 0 0 0 0 0 0 0 0 0 0 0 0 0 0 0 0 0 0 0 0 0 0 0 0 0 0 0 0 0 0 0 0 0 0 0 0 0 0 0 0 0 0 0 0 
56 | 79:   0.89518 0.581728 0.505482 0.236314 0.310754 0.215981 0.279032 0.170637 -0.0124428 0.113252 0.206296 0.154697 0.0509124 0.128044 0.00578188 0.170136 0.14494 0.0876532 -0.0281126 0.160801 0.257199 0.179977 -0.0802549 0.102037 -0.0771595 -0.0824052 -0.0650222 -0.0628618 0.0972489 0.119248 0.0173598 -0.143019 -0.185999 0.0628886 -0.0837644 -0.0186683 -0.115247 -0.114812 -0.15131 -0.0687001 0.246746 0.195377 -0.0660987 -0.00730858 0.16411 0.353966 -0.0680187 -0.180014 0.0784211 0.0816252 -0.0698136 0.170526 0.119747 0.0420892 -0.0831181 545.916 0 0 0 0 0 0 0 0 0 0 0 0 0 0 0 0 0 0 0 0 0 0 0 0 0 0 0 0 0 0 0 0 0 0 0 0 0 0 0 0 0 0 0 0 
57 | 96:   0.919598 0.482021 0.238781 0.20723 0.241116 0.155445 0.104842 0.192812 -0.0535612 0.224435 0.146734 0.00444833 0.286011 0.0277327 0.0239708 0.163721 0.0161625 0.178624 0.00158236 0.0642849 0.126797 -0.198197 -0.0837291 0.209939 -0.050757 0.147343 0.131577 0.0667788 0.210236 -0.0744057 0.0716266 0.0303448 0.101387 -0.0752188 -0.0159872 0.0941076 -0.12799 -0.0766438 -0.0981163 -0.0114026 -0.044377 0.0719141 -0.397346 -0.0730456 0.169688 0.0757644 0.307744 -0.184888 -0.0276184 -0.141654 -0.108191 0.203034 -0.00326483 0.0596594 0.192799 0.200602 725.233 0 0 0 0 0 0 0 0 0 0 0 0 0 0 0 0 0 0 0 0 0 0 0 0 0 0 0 0 0 0 0 0 0 0 0 0 0 0 0 0 0 0 0 
58 | 97:   0.879352 0.486731 0.32806 0.35664 0.107169 0.202855 -0.0612767 0.0993589 0.130843 -0.116867 0.00207217 0.265662 -0.162373 0.123646 -0.0265189 -0.0147645 -0.00702816 -0.0522109 -0.141663 0.0968573 0.0246035 -0.0021502 -0.112492 0.178302 0.0185263 -0.0487619 0.101623 0.0106867 -0.0297115 -0.0742356 -0.0264457 -0.0496822 -0.0854746 0.131419 -0.209509 0.123792 0.177286 0.113866 0.0841743 0.166596 0.14421 -0.0124596 0.202334 -0.186067 0.259747 -0.0108359 -0.139222 0.0878242 -0.0859631 0.1365 0.155526 -0.00218947 0.102093 0.222102 -0.118815 0.0592621 0.0288003 563.466 0 0 0 0 0 0 0 0 0 0 0 0 0 0 0 0 0 0 0 0 0 0 0 0 0 0 0 0 0 0 0 0 0 0 0 0 0 0 0 0 0 0 
59 | 98:   0.897531 0.530822 0.296285 0.30202 0.195298 0.190319 0.0247101 0.0493051 0.0448553 0.298427 0.174854 -0.0196994 0.244175 0.0726745 0.206034 0.111864 0.041463 0.086137 -0.19094 0.0241812 -0.0257206 0.0319155 0.014761 0.253789 -0.217727 0.247742 -0.0208721 -0.021804 -0.000840919 0.183558 -0.000142959 0.150446 -0.0357391 -0.0424208 0.128814 0.369302 -0.248632 0.0875972 -0.136103 -0.058338 0.0461474 0.0660315 0.00528078 -0.0821647 -0.0221883 0.0620776 -0.0282973 -0.0335368 0.0802748 -0.038379 0.181741 0.300366 0.0960503 -0.146605 0.0550807 0.0587118 -0.116745 0.173656 396.331 0 0 0 0 0 0 0 0 0 0 0 0 0 0 0 0 0 0 0 0 0 0 0 0 0 0 0 0 0 0 0 0 0 0 0 0 0 0 0 0 0 
60 | 99:   0.939676 0.631632 0.317554 0.351561 0.373265 0.274324 -0.127943 0.0998897 0.0533386 0.230419 0.242619 0.193942 0.0769621 0.0947812 0.0661736 -0.0072919 0.0616325 0.0726317 0.0540078 0.090177 0.0505699 0.0711473 0.173389 0.203217 0.0182346 0.231894 0.0222589 -0.0492853 -0.0393157 0.0505068 0.0970764 -0.00378138 0.246253 0.0538416 0.11282 -0.105106 -0.0261818 0.12761 0.0567693 0.161361 0.0997161 0.0479564 -0.0853404 0.139974 0.0614148 -0.117708 0.0406628 0.0868528 -0.12805 0.0778261 0.192616 0.123459 -0.0574858 -0.066641 -0.0386221 -0.0458935 -0.0394142 -0.150013 -0.0889052 606.707 0 0 0 0 0 0 0 0 0 0 0 0 0 0 0 0 0 0 0 0 0 0 0 0 0 0 0 0 0 0 0 0 0 0 0 0 0 0 0 0 
61 | 68:   0.979922 0.516185 0.255096 0.226693 0.184601 0.312944 0.257833 -0.0176386 -0.00295341 0.122553 0.247709 0.196234 -0.162795 0.0403882 0.018872 0.00756883 0.138165 0.106476 0.0723453 0.102132 -0.016733 0.102884 0.0765825 -0.139029 0.0752423 -0.0396838 -0.0947482 -0.0331413 -0.0507096 0.346467 -0.0601313 0.194202 -0.191628 0.155784 -0.0574259 -0.308969 0.0652323 -0.00133393 0.265241 0.121961 0.0326589 0.105679 -0.200825 0.126755 0.032605 0.37807 0.126956 -0.00992502 0.0746452 0.241749 -0.245838 0.21533 -0.00276067 -0.0374043 0.021816 0.083917 0.023423 0.0795665 0.344026 0.0123367 430.342 0 0 0 0 0 0 0 0 0 0 0 0 0 0 0 0 0 0 0 0 0 0 0 0 0 0 0 0 0 0 0 0 0 0 0 0 0 0 0 
62 | 92:   0.967351 0.62281 0.31102 0.369331 0.284796 0.316914 -0.0242303 0.0171556 0.0905971 0.0581968 0.23383 -0.0380586 0.155642 5.20925e-05 0.0282436 0.380157 0.214833 0.127396 -0.0848723 0.212374 0.00828292 0.148359 0.0775863 0.209498 0.028567 -0.161663 0.189493 0.00425315 0.150215 0.054083 -0.250806 -0.0433881 0.0346185 0.00339532 -0.0945906 0.29179 -0.0999523 0.255316 0.0367339 0.276686 0.0955599 -0.104017 0.336233 0.0558162 -0.141208 0.0611587 -0.0632102 -0.0695655 7.97408e-05 0.272918 0.129438 -0.255366 0.256753 -0.177825 0.0577763 0.0478424 0.0195638 0.0483269 -0.120134 -0.0834959 0.510643 467.316 0 0 0 0 0 0 0 0 0 0 0 0 0 0 0 0 0 0 0 0 0 0 0 0 0 0 0 0 0 0 0 0 0 0 0 0 0 0 
63 | 89:   0.921679 0.613147 0.130131 0.280419 0.311341 0.301306 0.0688897 0.123953 0.209874 0.190904 0.175758 -0.0502043 -0.0555255 0.0519581 0.0551143 0.193199 0.04264 0.194286 0.0511054 -0.0645636 -0.188137 -0.089312 -0.0770475 0.0757495 0.0385337 -0.0522933 0.0277 0.185466 0.0265645 0.00486975 0.00720985 -0.00323617 0.242705 0.0168558 -0.099643 0.0589758 -0.02247 0.237946 -0.0205151 0.160565 -0.052601 0.177626 -0.326069 -0.211113 0.0949924 -0.157347 -0.165977 -0.218123 -0.129216 -0.137246 0.0941058 -0.091358 -0.0219152 0.312534 0.0936025 0.194127 -0.0479976 0.0842297 -0.264004 0.0668474 0.175953 -0.0752263 494.273 0 0 0 0 0 0 0 0 0 0 0 0 0 0 0 0 0 0 0 0 0 0 0 0 0 0 0 0 0 0 0 0 0 0 0 0 0 
64 | 88:   0.859998 0.540655 0.40054 0.465483 0.0741274 0.229235 0.141679 -0.00120168 0.0545915 0.0781724 0.0822962 0.042588 0.166624 0.168186 0.16289 -0.0722025 0.0863678 0.11292 -0.179747 -0.0647678 0.0785599 -0.0455128 -0.00739595 0.212601 0.0202155 -0.109264 0.0626728 0.0526238 0.219198 0.0644888 0.113883 0.0509419 -0.113999 0.231223 0.00627849 -0.216766 -0.0805643 -0.0563566 0.1724 -0.108518 0.0918137 -0.0135029 -0.10753 -0.223535 0.158442 -0.0100433 0.0303857 0.0235523 -0.0661845 -0.100715 -0.0242467 -0.0516931 -0.232829 0.0476688 0.0708439 0.220404 0.00632412 0.0943228 -0.0400216 0.000386533 -0.0948393 -0.00172413 0.103541 283.854 0 0 0 0 0 0 0 0 0 0 0 0 0 0 0 0 0 0 0 0 0 0 0 0 0 0 0 0 0 0 0 0 0 0 0 0 
65 | 87:   0.898888 0.643433 0.219097 0.28037 0.36794 0.0774265 0.153643 0.164733 0.0244061 0.188282 -0.0841213 0.149222 0.14637 -0.0567915 0.0381636 -0.0934676 0.0263087 0.142593 0.123434 0.0762177 0.0855725 0.0427752 0.0439629 0.156867 0.11452 -0.130785 0.204684 0.0485376 0.00401629 -0.0346951 0.172077 -0.0435454 0.0355038 -0.142601 0.0936011 0.126764 0.112243 0.0394828 0.0588581 -0.0204116 0.112527 -0.0484176 -0.101224 0.00399549 0.11506 0.20446 -0.0835498 -0.227097 0.000765407 -0.0718074 0.0214786 0.165285 0.0151347 0.00526802 -0.0332009 0.12977 0.158893 -0.111067 0.266005 0.225547 0.0514592 -0.0327977 0.100206 0.00950328 482.524 -10538.2 -10017.1 -9934.47 -9764.81 -10003.2 -9851.7 -9884.24 -9855.49 -9861.75 -9784.82 -9940.38 -10499.2 -9589.66 -9564.44 -10044.2 -9782.16 -10060.2 -9974.29 -10480.3 -9703.26 -10119.4 -9773.17 -9641.74 -9626.51 -9807.7 -9862.95 -10163.9 -9682.46 -9535.57 -9972.35 -10525.1 -10093.4 -9801.51 -9902.99 -10010.5 
66 | 86:   0.967261 0.634424 0.176764 0.161519 0.263089 0.112721 0.206902 0.0190303 0.122091 0.0296213 0.0874214 -0.0731509 0.339644 -0.00278527 0.0893383 0.119835 0.114794 -1.49006e-05 0.0948501 0.077063 0.204621 0.10159 -0.0708383 -0.093203 0.113241 0.0542604 -0.00955793 0.0679362 -0.0341547 0.0500052 -0.143005 0.206138 0.199053 0.148181 0.128178 0.148027 0.175993 0.235952 -0.180166 0.166917 0.107162 0.139477 -0.00317086 -0.111235 0.0451344 0.00549033 -0.129078 0.0977602 0.0847324 0.365493 -0.019884 -0.0791157 -0.253647 0.0681636 -0.132348 0.129392 -0.0693508 0.0456372 0.0940708 -0.017569 0.217336 0.00776515 -0.0587884 0.343422 0.136414 301.132 -10564.2 -10534 -10516 -10790.5 -10642.6 -10550 -10411.8 -10522.6 -10430.9 -10557.7 -11061.8 -9998.96 -10172.2 -10442.6 -10306.3 -10676.3 -10573.7 -11003.7 -10232.8 -10950 -10419.8 -10246.6 -10173.2 -10430.2 -10507.8 -10760.7 -10315.6 -10227.3 -10529.5 -11044.2 -10774.7 -10567.2 -10458.7 -10560 
67 | 85:   0.89735 0.641401 0.378456 0.298428 0.254384 0.235937 -0.0269217 -0.160752 0.152999 0.0760643 0.23204 0.170543 0.0765786 0.0695223 0.110413 -0.0690618 -0.0454394 0.0784421 0.126122 0.0163737 0.223874 0.156436 0.0342693 0.211316 0.156508 0.0806502 0.0728758 0.252774 -0.0619686 -0.0584407 0.0257229 0.11634 0.0178799 0.00107462 -0.0847689 0.277308 -0.2323 0.0239641 0.315502 -0.119857 0.0372946 -0.0935611 -0.124161 -0.100144 0.0973914 0.133654 0.193054 0.0937647 0.079197 0.0365728 0.0179318 -0.00187197 0.223067 0.105782 -0.117205 -0.0347768 -0.0747426 -0.0470839 -0.00630473 0.0435754 -0.0448715 0.272995 -0.113413 -0.0887405 0.0329811 0.0517767 323.59 -10001.6 -9871.22 -10117.5 -9835.43 -9984.91 -9941.59 -9898.55 -9881.47 -10046.5 -10495.7 -9639.33 -9754.19 -9956.96 -9774.22 -10286.2 -9977.18 -10389.2 -9826.47 -10280.5 -9846.07 -9754.01 -9718.71 -9911.93 -9905.25 -10229.4 -9684.31 -9676.69 -10043 -10564.4 -10088.9 -9937.12 -10101.2 -9963.73 
68 | 53:   0.896174 0.579846 0.331746 0.403842 0.0920725 0.207215 0.37823 0.212111 0.0427468 0.0469654 0.0738043 0.136405 0.0564854 -0.0677688 0.044153 0.263931 0.0638316 0.157195 0.0426721 0.0116455 0.0301852 0.151299 0.0215456 0.0429654 -0.0796636 -0.00625624 0.146941 0.145271 0.110394 0.00710427 0.0935732 -0.0309121 0.0950832 0.117245 0.0123322 0.0321917 0.0617287 0.122708 0.119823 0.0411186 0.130151 -0.0875652 0.00839463 -0.153003 0.312846 -0.0454295 0.0628369 -0.019519 -0.147545 0.0672764 0.00589342 0.287691 0.0648292 -0.0892431 0.115318 0.0927221 -0.127498 0.190924 -0.178959 -0.0630963 0.0571449 0.0474018 -0.0756005 -0.163264 -0.191641 -0.00138494 0.0602885 346.305 -9817.57 -9993.35 -9842.29 -9911.38 -9717.29 -9988.64 -9913.29 -9747.79 -10456.3 -9361.83 -9604.79 -9999.4 -9804.55 -10105.6 -9925.41 -10457.4 -9570 -10310 -9793.75 -9706.6 -9502.38 -9716.82 -9867.03 -10066.8 -9522.12 -9684.51 -9904.35 -10389.2 -10192 -9860.91 -10138.6 -9996.54 
69 | 83:   0.907479 0.421217 0.432283 0.164573 0.173283 0.22528 0.093445 -0.0825819 0.140699 0.0550611 0.0788088 -0.150721 0.11912 0.0388857 -0.208218 -0.0676633 0.0108942 0.00119385 0.0512683 0.1016 -0.00356187 -0.0355077 0.0129867 0.197565 0.00836387 -0.0470325 -0.0964059 -0.0615262 0.178813 -0.0398944 -0.138874 0.0593366 0.0788822 0.0473659 0.16889 0.115974 0.04946 0.0553961 -0.00102994 0.202031 0.168296 0.078449 0.159754 -0.0657664 0.190921 -0.0321209 0.0723313 -0.0404239 0.0585904 0.0578814 -0.0361663 0.104548 -0.200696 0.12942 0.230815 0.00979304 -0.0792276 0.0386208 0.0607234 0.0244971 -0.0615446 0.210243 -0.0470162 -0.0151823 0.153759 -0.0735759 -0.193218 0.00688804 212.036 -10094.5 -9674.7 -9806.65 -9759.95 -9793.78 -9671.35 -9801.54 -10453.8 -9257.82 -9458.96 -9693.47 -9588.32 -10093.8 -9695.52 -10239.4 -9519.45 -10090.8 -9690.07 -9573.01 -9386.76 -9693.03 -9915.09 -9933 -9463.33 -9449.92 -9948.82 -10319 -10035.8 -9680.83 -9836.82 -9914.36 
70 | 81:   0.922312 0.538729 0.43001 0.292987 0.0119761 0.314983 -0.110916 0.0204368 0.025814 0.150784 0.085801 -0.00385464 -0.00607994 0.126516 0.0373951 0.137867 0.127519 0.0111333 0.227902 0.160921 -0.0267964 0.129946 -0.139926 0.280542 0.26176 0.121514 -0.0951067 0.0688541 0.14347 0.176918 0.0862302 -0.062557 -0.0275155 0.00606749 0.348619 0.254691 0.212027 -0.164017 -0.248971 -0.0265006 -0.151442 0.21036 -0.413503 0.14067 -0.261809 -0.207694 0.11285 0.0263202 0.155711 0.062909 -0.0106671 -0.128503 -0.194541 -0.125781 0.262966 0.136537 -0.0926707 -0.00813109 0.0647613 -0.178987 0.332072 -0.132482 0.0778503 0.233742 0.1798 -0.0806906 0.438655 0.120385 -0.205313 283.36 -9791.08 -10026.5 -10027 -10167.2 -9802.22 -10250.5 -10734.3 -9743.46 -9748.18 -9910.99 -10059.4 -10346.9 -10248.6 -10519 -9851.8 -10414.7 -9880.34 -9687.6 -9706.1 -9890.11 -10256.3 -10306.7 -9792.11 -9686.04 -10200.5 -10664.4 -10210.5 -10045.8 -10015.7 -10348.8 
71 | 80:   0.893913 0.520094 0.135229 0.226118 0.329501 0.13124 0.228607 0.00118856 0.0797266 0.109556 -0.0269074 0.0560885 0.116154 0.00559634 0.0740433 0.161505 0.194693 0.0523766 -0.0480028 0.0423725 0.12138 0.0707713 0.0675183 -0.0149897 0.173827 0.0751055 0.30644 0.00908394 0.372242 0.0766288 -0.115423 0.26364 0.252457 -0.00868901 0.180772 0.189701 0.103954 0.164923 0.0355163 0.038937 0.0715907 0.166217 0.0305825 -0.0416812 0.123333 0.0221174 -0.15345 0.131711 -0.0973265 -0.0778506 -0.164863 0.297013 0.111385 0.32282 -0.306772 0.0736729 -0.0393829 0.183118 0.0534599 -0.0150822 0.120726 0.157911 -0.133072 0.0914911 -0.0304736 -0.0418068 -0.105986 -0.0117096 0.217098 0.19597 219.648 -9766.87 -9625.48 -9763.66 -9599.59 -9660.55 -10290.6 -9255.84 -9520.29 -9760.86 -9597.06 -9947.61 -9789.71 -10381.4 -9440.92 -10145.4 -9760.46 -9407.62 -9531.6 -9594.47 -9771.93 -9944.62 -9531.57 -9452.97 -9839.29 -10270 -10091.6 -9818.47 -9634.14 -9732.16 
72 | 76:   0.908203 0.545654 0.27033 0.166546 0.145101 0.164998 0.194807 0.0281276 0.106186 0.12957 0.330346 0.0411833 -0.0221482 -0.036257 0.0458934 0.244217 0.0903391 0.0390015 0.0067227 0.0972501 0.0729916 -0.00735036 0.151681 0.0555554 -0.0505367 0.00596312 0.0431781 0.0461686 0.0168635 -0.00733985 -0.0915142 0.0794554 0.0653955 -0.00261097 -0.0372938 -0.0447839 0.146683 0.0496206 0.0793186 0.0686303 -0.0446569 0.0847257 0.0775599 -0.198874 -0.0374385 0.136094 -0.101632 -0.0342891 0.214878 -0.0468118 0.0551421 0.125938 0.190612 0.15496 0.100481 -0.108436 -0.135275 -0.0661125 0.291236 0.111997 0.164943 -0.155811 0.0512856 -0.162977 0.171508 -0.266507 -0.0756674 0.0775188 -0.114128 0.358939 -0.198783 268.455 -9749 -9822.48 -9781.36 -9967.06 -10491.6 -9485.19 -9684.29 -9821.81 -9734.24 -10070.7 -9838.97 -10323.4 -9634.54 -10233.2 -9667.99 -9579.32 -9627.34 -9672.42 -9872.57 -10061.9 -9768.21 -9560.26 -9829.32 -10397 -10101.7 -9942.44 -9912.08 -10005.3 
73 | 73:   0.894185 0.419224 0.330529 0.345711 0.267288 0.0397903 -0.0190101 0.0372143 0.335495 0.0651169 0.109941 0.0303628 0.111297 0.0968809 0.164223 -0.0706673 0.0311743 0.0228417 0.213678 -0.0725523 0.138602 0.0468026 -0.0925831 0.0233761 0.13012 0.0538583 -0.00585866 0.102101 0.109321 0.0121021 -0.0307515 0.146673 0.0892914 -0.189706 0.132209 0.0350146 0.131954 0.0232431 -0.161994 0.12447 0.168977 0.0714662 -0.181368 -0.0251424 0.155529 0.0114102 0.280264 -0.16747 0.215067 -0.0265992 -0.000654982 0.176752 0.156707 0.120328 0.156926 0.133113 -0.134529 -0.0163509 0.079119 0.143293 -0.0899834 -0.0299256 0.0857909 -0.0089 -0.160602 -0.0239548 -0.0329366 0.108267 -0.046588 0.118312 0.03526 -0.0557572 251.124 -9558.49 -9504.14 -9776.05 -10119 -9299.47 -9477.75 -9732.12 -9694.21 -9900.46 -9812.04 -10114.9 -9459.1 -10126 -9666.72 -9418.91 -9393.75 -9707.26 -9737.76 -9965.6 -9479.77 -9371.86 -9660.89 -10322.4 -9856.15 -9784.91 -9778.38 -9831.14 
74 | 72:   0.902596 0.536625 0.29984 0.273382 0.205895 0.29885 0.317916 0.0866428 -0.0765685 -0.0987943 0.0899984 0.0180163 0.0447618 0.090631 -0.0536013 0.0246257 0.0737679 0.105631 0.00776619 0.085828 0.0583173 -0.0761316 0.126705 0.121972 0.0442927 -0.0104057 0.166091 -0.00911371 0.135166 0.173055 -0.137982 0.202369 -0.0241337 0.0795756 -0.019637 0.0457854 0.0281406 0.0332375 -0.128871 -0.253908 -0.189308 -0.00828333 -0.0672458 0.239747 0.108775 -0.174751 0.0695778 -0.037595 -0.149859 0.128321 0.0150047 0.0849942 -0.238533 -0.226819 -0.0944429 0.112934 -0.0790224 -0.108355 -0.0514486 0.0747679 0.414084 0.0394037 -0.0572767 -0.410735 0.166319 -0.154719 0.250995 -0.254761 -0.194529 0.0215623 -0.185902 0.209727 0.0415996 307.089 -9866.25 -9810.83 -10266.5 -9280.03 -9615.35 -9760.75 -9671.34 -10098.6 -9824.36 -10305.6 -9759.73 -10240.5 -9647.34 -9570.88 -9438.75 -9633.15 -9796.61 -10058.2 -9555.36 -9537.71 -9962.77 -10486.9 -10034.7 -9857.51 -9960.13 -9827.08 
75 | 71:   0.883965 0.655148 0.309066 0.319491 0.187265 0.146597 0.0674259 0.0733988 0.0550943 0.0287774 0.238781 -0.0426043 0.0156449 0.0235586 -0.116991 0.180653 0.0124314 0.330554 -0.112996 0.0719072 -0.0179984 -0.0145067 -0.0344657 -0.0709205 -0.108082 -0.0154297 0.157455 -0.0273983 -0.208891 -0.0616176 -0.0395027 0.206153 -0.0899834 0.0926534 0.0664186 -0.0068657 -0.0339582 0.230053 0.11692 0.0731172 -0.0940474 0.0412536 -0.351022 -0.335665 0.212127 -0.146843 0.0702083 -0.10572 -0.139448 0.0684634 0.0609215 0.0540823 -0.0833494 0.00397804 -0.200321 0.00491399 0.212349 -0.112104 -0.160652 0.0594786 0.101812 0.0988116 0.0323326 -0.0673156 0.0169614 0.229122 -0.189484 -0.0604451 0.121523 -0.184977 0.421013 0.125692 0.123831 0.0979703 299.337 -9773.4 -10294.7 -9267.22 -9480.16 -9638.11 -9677.16 -10067.4 -9801.19 -10190.3 -9351.16 -10092.4 -9453.3 -9455.43 -9346.87 -9463.48 -9658.1 -10003.4 -9319.03 -9429.04 -9790.68 -10316.2 -10160.3 -9607.26 -9984.38 -9885.65 
76 | 74:   0.905942 0.567751 0.310874 0.200687 0.237628 -0.016809 -0.0214493 -0.0350687 0.161486 0.0762726 0.301475 0.0584898 0.132189 0.0325662 0.0131704 -0.0144651 0.210761 0.0193012 -0.100462 -0.0428249 -0.0550923 -0.0866623 -0.0333037 0.177804 0.145728 -0.0297605 -0.0865189 0.23278 -0.278065 0.31608 0.216579 0.10565 -0.170489 0.0638556 0.0582636 0.236375 0.137001 -0.167816 0.255909 0.00740529 -0.0471854 0.0568044 -0.121743 0.0725524 -0.0704909 0.107512 -0.159675 -0.170487 0.123537 0.00623847 0.025865 0.121416 -0.0785711 0.184407 0.0993865 -0.0459994 -0.0908144 0.0807853 -0.0459582 0.138717 0.299697 0.165227 0.271714 0.259468 -0.0795425 -0.326857 -0.213654 -0.208232 -0.154427 -0.0362809 0.0597206 -0.282308 0.127281 -0.0548354 -0.103186 443.752 -10615 -9696.45 -9539.55 -9743.35 -9613.02 -10093.9 -9918.16 -10376.6 -9661.39 -10177.7 -9632.73 -9721.76 -9579.81 -9823.12 -9873 -10127.1 -9697.23 -9472.08 -9904.52 -10354.3 -10139.5 -9785.45 -9808.86 -10018.3 
77 | 69:   0.931446 0.709725 0.513594 0.336511 0.230684 0.289309 -0.0592628 -0.070502 -0.110807 0.276926 0.0027117 0.0691329 0.0455562 0.0660549 0.0344101 0.233822 0.16473 0.0598166 -0.140952 -0.125449 0.0297821 0.116177 -0.0319995 0.278177 -0.0291023 -0.178764 0.0693997 -0.134968 -0.0379643 0.19708 0.0332024 0.0607833 0.143403 0.277807 0.0652884 0.216135 0.0373359 0.0622725 0.0979788 0.265533 0.0648376 0.128642 0.324982 -0.0810492 0.0162017 0.273138 -0.120596 0.0220844 0.0492045 -0.153604 -0.0387133 -0.0154495 -0.0771501 0.0897696 0.205146 -0.19751 0.109242 0.248278 0.217551 0.0651671 0.0993338 0.0686871 0.487354 0.00189876 0.0679077 -0.42927 0.07706 -0.0539806 0.0545923 0.120336 0.164722 -0.0748196 0.0444121 -0.0814864 0.0509415 0.220302 285.795 -10061.7 -10100.7 -10403.3 -10336.7 -10733.3 -10434.5 -11176.3 -10076 -10899 -10234.9 -10314.5 -10128.2 -10366 -10663 -10528.6 -10197.8 -10060.3 -10605.8 -10955 -10728.6 -10367.6 -10402.1 -10745.7 
78 | 64:   0.848874 0.636165 0.402424 0.252309 0.189238 0.214707 0.0998187 0.159228 0.0844061 0.194195 0.0989624 0.135524 -0.0438458 -0.0302264 0.215802 -0.122793 -0.007652 0.0229123 -0.0330373 0.0647802 0.0806548 -0.0597598 0.0198498 0.0399439 0.178777 0.00604088 0.0519493 0.14438 -0.194434 0.0423606 0.214129 -0.043364 -0.326797 0.0617994 0.125984 0.123193 0.0694239 -0.0198332 0.0491155 0.104869 0.0080776 -0.0809561 -0.0370874 -0.0161677 -0.307202 0.177779 -0.0433814 -0.0302104 0.196078 -0.0989986 -0.146943 0.386503 -0.000949547 0.169814 -0.139344 -0.0321579 -0.0215774 -0.0138553 0.143253 0.0665504 0.0959662 0.144686 0.0161027 0.267164 0.141638 -0.210165 -0.0164005 -0.0851828 0.161258 -0.105723 -0.0312625 -0.114007 -0.152578 -0.0369102 0.431721 -0.00546537 0.0021479 289.322 -9220.41 -9354.55 -9359 -9599.02 -9456.33 -9902.09 -9168.09 -9701.96 -9178 -9234.26 -9226.43 -9423.05 -9314.67 -9678.08 -9187.06 -9091.42 -9368.63 -9806.69 -9613.77 -9450.82 -9358.37 -9605.59 
79 | 63:   0.866329 0.579892 0.334455 0.28786 0.152438 0.18975 0.183667 0.14175 0.154352 -0.00938332 0.165685 -0.14643 -0.136696 0.114335 0.0743301 0.198043 0.00793731 -0.0446622 -0.051362 0.102753 0.104796 0.0849018 0.0247292 0.0960406 0.0761622 0.123758 0.2817 0.0924599 -0.0306965 0.0287335 0.00891692 0.305378 0.042587 0.0481922 0.165859 0.0412245 0.179354 0.0113892 0.0443676 0.0236964 -0.0275871 -0.197644 -0.0213523 0.0164421 0.0544945 0.368013 0.13567 0.13165 0.114009 -0.330433 0.108863 -0.0480426 -0.0566218 0.0657763 -0.180252 0.0994184 -0.154298 -0.0678804 0.167168 0.113561 -0.0337266 0.00678491 -0.0352706 -0.203742 0.140014 0.347412 0.18283 0.0281069 0.059967 0.132702 -0.585505 0.0712025 0.076653 -0.0547971 -0.127154 0.143748 -0.291539 -0.0616359 207.315 -9460.16 -9432.12 -9924.7 -9507.77 -10054.9 -9329.71 -10096.6 -9444.43 -9350.48 -9343.97 -9442.8 -9526.63 -9791.02 -9351.31 -9241.99 -9528.63 -10059.4 -9703.5 -9531.56 -9653.34 -9570.96 
80 | 62:   0.887492 0.60252 0.226077 0.286292 0.323481 0.112286 0.427788 0.0880512 -0.0589207 0.150814 0.117701 0.0129023 0.157789 -0.0074753 0.134427 0.118033 -0.0195306 0.110337 0.120351 0.0108669 0.0513041 0.198904 0.0178406 0.204366 0.195368 -0.136937 0.0559385 0.130872 0.0867986 -0.1602 0.204319 0.0442338 0.183035 -0.0810777 0.0301401 0.184865 -0.185672 -0.0327675 -0.251608 0.0341865 0.117724 -0.087418 0.169524 -0.224934 0.00491826 0.0255371 0.0903015 -0.303356 -0.0809903 -0.150696 -0.0643959 -0.0171332 0.121411 0.074416 0.0674193 0.0653762 -0.0195471 0.27043 -0.0553394 0.0641627 0.129812 0.0107265 0.0864149 -0.170317 -0.0624868 -0.386851 -0.117244 -0.109868 0.271301 -0.0280223 0.172793 -0.0173098 -0.357854 0.254637 -0.0828093 -0.0645956 0.149631 -0.329919 -0.205397 192.885 -9638.36 -9950.64 -9812.02 -10369.3 -9445.2 -10077 -9687.15 -9570.42 -9478.46 -9604.22 -9795.77 -10113.9 -9675.88 -9475.79 -9882.39 -10252.5 -9933.08 -9700.64 -9773.83 -10047 
81 | 65:   0.879714 0.660374 0.294435 0.262365 0.12373 0.314392 0.14078 0.235153 0.271134 -0.0217217 -0.0187287 0.263886 0.00946387 0.194992 0.062215 0.0794614 0.108229 0.142058 0.0545551 0.031888 0.0625154 0.0242165 -0.172724 -0.053536 -0.0785506 0.0649346 0.105204 -0.112595 0.22075 0.0894996 -0.108301 -0.0456034 0.0394643 -0.0132979 0.0452891 -0.00109588 -0.0231076 0.0579649 0.00228512 0.26831 -0.0328626 0.00250397 -0.169953 -0.12 -0.172722 -0.0558359 0.304029 -0.0267646 -0.0227972 -0.192521 -0.00899151 0.0329282 0.238474 0.0222201 0.121864 0.119105 0.142913 0.0234178 0.143892 0.0944464 0.168589 -0.0137414 0.191654 0.203217 0.107433 0.131743 0.0247732 -0.00301408 -0.0604447 -0.0866762 -0.0928351 0.321965 0.0728484 -0.354122 -0.0853483 0.109047 0.124426 -0.208347 0.63877 -0.155023 125.998 -9956.88 -9798.25 -10173.6 -9403.59 -10073.1 -9600.24 -9498.38 -9287.49 -9616.75 -9786.02 -9827.77 -9494.16 -9381.38 -9687.06 -10235.8 -10002.3 -9773.55 -9786.35 -9893.43 
82 | 60:   0.930723 0.49656 0.34315 0.323299 0.139341 0.176909 -0.0112399 0.0344197 0.152179 0.0246382 0.132269 0.0538392 -0.0557752 0.203603 -0.0583281 0.134797 -0.0883976 0.105186 -0.0289564 0.172389 -0.0887964 0.0704594 0.00674755 0.0904566 0.0847965 -0.0176005 0.152576 0.0550815 -0.116997 -0.0050237 -0.0846057 0.140014 0.048197 0.0568206 0.197008 0.335622 -0.205944 0.112235 0.0479023 0.107675 -0.239446 -0.0403319 0.372821 0.153018 0.0762034 0.0716568 -0.125322 0.133321 -0.136834 -0.0641618 0.0892174 -0.140435 0.170287 0.00146138 0.0865852 0.149517 -0.00283174 -0.114308 -0.0781656 0.0762276 -0.262842 0.0478488 0.00664277 0.0512553 0.0327332 0.144632 0.129817 -0.173311 0.00217757 0.153977 -0.19674 0.0178371 0.305233 0.0963897 0.00971604 0.134702 0.00250676 0.266349 -0.2075 0.366261 0.0694006 152.824 -10101 -10558.6 -9894.26 -10481.1 -9996.02 -9890.82 -9604.73 -9958.46 -10103.4 -10218.8 -9827.33 -9778.86 -10182.9 -10625.8 -10383.7 -9988.21 -10162.5 -10202.5 
83 | 59:   0.90359 0.525115 0.16454 0.320963 0.267341 0.206888 0.00495826 0.170149 0.0756068 0.1376 0.142932 0.213882 0.139433 -0.0115241 0.0087658 0.259005 0.0623514 0.176692 0.0514518 0.052577 -0.0379779 0.26158 -0.0975649 0.172921 0.0754002 -0.0670685 0.0871165 0.0135486 -0.162654 0.0644107 -0.0557476 0.0791553 0.0632672 0.0999473 -0.0395894 0.0769848 0.274823 0.245846 -0.304595 -0.109769 0.134708 0.174019 -0.498322 0.252472 -0.1349 -0.129873 0.0234402 -0.0335239 0.167849 -0.106217 -0.0079067 0.154398 0.193286 -0.0232001 0.038787 0.144817 0.0149197 0.0236783 -0.0130473 -0.00789127 -0.169084 0.292063 0.0518307 0.196752 -0.0213235 -0.253296 -0.169643 0.204514 0.0252563 -0.1561 -0.30822 0.0180824 0.175778 -0.0490846 0.0982409 0.0773777 -0.0426012 -0.353152 -0.267581 -0.0867244 -0.139715 0.198032 303.04 -10441.5 -9593.59 -10189 -9868.06 -9472.82 -9461.28 -9730.16 -9808.62 -10066.5 -9556.75 -9507.29 -9862.13 -10487.5 -10122.1 -9948.99 -9804.37 -9973.58 
84 | 94:   0.925477 0.829687 0.363484 0.297491 0.05995 0.0291874 0.218806 -0.0170105 0.0731956 0.230373 0.12135 0.109865 0.0234263 0.0432381 0.112036 0.245036 0.164078 -0.00444383 -0.00278589 -0.0369499 0.00614037 0.117568 0.137559 0.215507 0.0288168 -0.207877 0.226329 -0.09082 0.0786795 0.137389 0.00346019 0.137859 0.167876 -0.0155152 0.0974674 -0.0314408 0.110724 -0.048937 -0.0374652 0.0406106 0.251137 0.076147 0.0424188 0.261494 0.109662 0.0590852 -0.118034 -0.035828 -0.119737 -0.132935 -0.284953 0.0537177 -0.0256036 0.071704 -0.0459243 0.0950457 0.181574 0.132164 0.0207107 0.0642065 -0.0125737 0.22292 -0.0733806 0.0807874 0.0904687 -0.271171 -0.260936 0.115361 0.293999 -0.0367 -0.193107 0.0383904 0.53451 -0.167339 -0.28201 -0.143111 0.171856 0.040968 -0.0480045 0.109567 -0.372575 -0.0973814 -0.268076 110.2 -9996.12 -10780.7 -10331.2 -10138.1 -10023.3 -10294.7 -10468.9 -10477.4 -10090 -10025.7 -10416.1 -10936.3 -10559.8 -10284.4 -10414.4 -10360.2 
85 | 56:   0.876458 0.519279 0.321565 0.286875 0.260787 0.146114 0.0109368 0.0292052 0.103346 -0.084602 0.192481 0.256704 0.141387 0.0315997 -0.0102959 -0.137439 -0.032599 -0.133239 0.115395 0.320879 0.233591 0.00878383 0.0267568 0.282232 -0.079717 -0.067078 0.200259 0.161109 0.135182 0.263026 0.15606 -0.0893746 0.075528 0.00778347 -0.0240883 0.0262583 -0.0134324 0.107053 -0.102255 -0.0866285 -0.0333496 0.0358913 0.138121 0.172383 -0.0189448 0.00975048 -0.149094 0.155335 0.0889449 0.0780138 0.272455 0.00288577 -0.0300764 0.119184 -0.063485 0.120265 0.0189746 -0.12955 0.00147812 0.0922053 0.13459 -0.0392992 0.00188088 -0.330044 0.185973 -0.0564592 0.01683 0.0688523 -0.00761043 0.0144678 0.0705862 -0.258776 -0.00588272 0.197131 0.167371 0.13828 0.0953009 0.0679585 -0.0449547 0.385846 -0.156041 -0.215399 0.0896767 0.168855 164.199 -9996.64 -9415.26 -9448.64 -9204.81 -9573.48 -9644.04 -9797.95 -9475.44 -9263.32 -9713.45 -10217.2 -9653.56 -9737.79 -9619.57 -9582.96 
86 | 58:   0.927738 0.562732 0.268778 0.461048 0.145497 0.236081 0.126875 0.128685 0.132884 0.00924357 0.0899704 -0.0218421 0.00483151 -0.0270475 0.124055 0.208951 0.0721851 -0.176365 -0.113794 -0.0138873 0.190786 0.0676055 -0.0210827 0.165412 -0.00172317 -0.0440404 0.0705761 0.142242 -0.0440733 0.376232 -0.0329526 0.22507 -0.0289506 0.124046 0.153186 -0.136436 0.170812 0.108776 -0.192793 0.236013 -0.198852 0.163168 0.119383 0.0317048 0.290283 0.173309 0.255287 -0.0136308 0.060081 0.080176 -0.0690935 -0.282712 0.154803 0.085135 -0.139598 -0.0365149 0.0765896 0.253575 0.1274 0.0598095 -0.0539851 -0.0544047 -0.20129 -0.172034 0.0758632 0.169331 0.236744 0.0475779 0.20754 0.163387 -0.279661 -0.201815 0.0860369 0.214499 0.0552253 -0.0562021 0.141973 -0.0162478 0.136852 0.424115 0.374586 0.268239 0.021423 -0.0057559 0.0468561 131.175 -10035.1 -10124 -9739.92 -10063.5 -10169.7 -10476.4 -10023.8 -9874.36 -10205.7 -10607.1 -10551.9 -10423.8 -10252.3 -10201.1 
87 | 50:   0.894275 0.450942 0.173104 0.320277 0.14945 0.171402 0.314147 -0.0378813 0.0574239 0.0606864 0.0111632 -0.00476731 0.100156 0.266458 0.00945134 -0.0516694 0.146158 0.114229 0.107165 0.125519 0.173786 0.359316 0.221794 0.122614 -0.029958 -0.0117256 -0.0546207 -0.0351621 -0.0246765 0.145881 -0.0860491 0.122543 0.28516 0.0904084 0.00335762 0.197187 0.0302473 0.00440481 0.0903321 0.335291 0.223996 0.0442889 -0.452896 0.298915 -0.0186954 0.28597 -0.0400721 -0.0234337 -0.134821 -0.0478829 -0.252233 0.193737 0.199413 0.285016 0.103082 0.292671 -0.086777 -0.0880726 -0.101229 -0.0346028 -0.219549 -0.0261982 -0.0624031 -0.0295049 -0.232473 0.204244 -0.143885 -0.203147 -0.117006 0.0867855 -0.430249 -0.0889113 0.28177 0.0382228 0.226742 -0.0260009 0.0524585 -0.0179147 -0.175799 0.18948 0.0654695 0.384054 0.252445 0.238571 0.10232 0.0796247 107.229 -9377.72 -9362.13 -9604.71 -9869.25 -10031.2 -9524.86 -9430.55 -9818.37 -10339.9 -9748.1 -9640.86 -9713.4 -9683.81 
88 | 82:   0.865515 0.626639 0.264192 0.373481 0.18225 0.140896 0.3556 -0.0595106 0.164929 -0.0616386 0.218535 0.125272 0.115159 0.0507568 0.0527671 0.0349135 0.027054 -0.0705707 0.000335311 -0.0483578 0.132319 -0.0144202 -0.215428 0.210125 0.0554009 -0.143759 0.145362 0.0216028 -0.0555293 0.222028 -0.038463 -0.172634 -0.0732922 0.0999496 0.0534706 0.144137 0.0317923 -0.000227911 0.0574967 0.166699 -0.107811 -0.157825 0.358116 -0.0667631 0.189214 0.258063 0.0649754 0.0251894 -0.0222904 0.0212043 -0.0292836 0.049447 -0.162162 0.0512376 0.115745 -0.0738174 0.0727148 0.0525599 0.0892374 0.0323044 -0.0822979 0.171578 0.0527509 0.112801 0.137322 0.0741269 -0.106155 -0.0542728 -0.165357 -0.0832135 0.0760697 0.0890465 -0.0554814 -0.108269 -0.0851017 0.277977 -0.0418759 0.140437 -0.260977 0.171416 -0.188041 0.125341 -0.276892 0.208739 0.573612 0.415217 -0.388898 126.979 -9167.03 -9543.04 -9532.23 -9753.36 -9382.71 -9236.01 -9571.42 -9922.14 -9845.62 -9588.27 -9669.35 -9700.6 
89 | 55:   0.853939 0.55668 0.285795 0.269896 0.307492 0.211455 0.113371 -0.101317 0.0720667 0.322623 0.161816 0.0838065 -0.0124483 0.0852126 0.184172 0.0679071 0.197264 0.0344749 0.156445 0.11974 0.0107443 0.0911412 0.237957 0.0791673 -0.0528594 0.0670019 0.322959 0.0637553 -0.0396422 -0.0531398 -0.042023 0.0962933 0.0310084 0.0688568 0.188316 0.164549 0.118254 -0.0864891 -0.00377741 0.0427226 0.138273 -0.219348 -0.222474 -0.0782971 0.0657347 0.139843 0.0132202 0.0313816 0.0790184 0.0396455 0.0919242 0.129828 -0.0641353 0.251779 -0.140159 -0.0922638 -0.176308 0.0976598 0.306696 0.200873 0.353105 0.130755 0.000177123 0.064958 -0.0818865 0.0636714 0.00184304 -0.0662955 0.0849009 0.10853 -0.0552936 0.309091 -0.0791443 0.347774 -0.222772 0.0725927 -0.0214511 0.0537912 -0.416281 -0.217079 -0.0257358 0.194324 0.0745796 0.113745 -0.23566 0.350771 0.634347 0.0138242 95.2381 -9476.34 -9484.67 -9731.78 -9325.78 -9268.74 -9606.93 -9988.75 -9712.71 -9486.74 -9528.99 -9529.41 
90 | 91:   0.877453 0.588241 0.406203 0.359715 0.256861 0.14692 -0.0409537 0.0438227 0.0191692 0.0458236 0.113908 0.0622092 0.236024 0.0829228 0.150371 -0.12772 0.223714 -0.172831 0.115241 0.10156 0.115325 -0.00970909 -0.0621789 0.142622 0.0185762 -0.0818678 0.185993 -0.0905458 -0.172213 0.0875254 -0.0119803 0.105574 -0.0727437 -0.0407721 0.0288799 -0.00525712 0.0355553 0.224067 0.144679 0.110929 0.367553 -0.190511 0.249707 0.156133 -0.0377441 -0.0419072 0.0903708 0.128465 -0.0970705 -0.0491515 -0.0454723 0.0576504 0.115477 0.0349239 0.128786 -0.0140084 -0.226577 0.0358666 0.00584314 0.332384 0.105237 -0.0543163 -0.130016 0.497657 0.11254 -0.307485 0.327816 -0.129768 0.0830844 0.0252364 0.112927 -0.255273 0.0751781 -0.019895 -0.0139785 -0.141468 0.114019 -0.00815809 -0.22626 -0.20518 0.0725219 0.0625112 -0.195042 0.185731 -0.211392 0.147643 -0.0887102 -0.0497649 0.0175501 49.5607 -9645.95 -9804.07 -9491.68 -9452.03 -9706.84 -10350.3 -9810 -9812.74 -9777.78 -9690.17 
91 | 84:   0.896084 0.578391 0.495132 0.168535 0.102851 0.145724 0.0533367 0.00871553 0.0268699 0.168206 0.0126246 0.0338105 0.200846 0.17089 -0.0616815 0.205641 -0.0034144 -0.0141318 0.00789405 0.174 -0.0504848 0.138878 -0.0043551 0.0621405 0.0789775 -0.0645748 0.057759 0.0036516 0.216919 0.219878 -0.034673 0.0201569 0.231885 -0.0426708 0.0457153 0.201386 0.130619 -0.155761 -0.127497 0.210459 0.194257 0.0709653 -0.115715 0.0411354 0.0793379 0.146727 0.0683576 0.0951861 -0.0780986 0.102153 -0.0667311 -0.0904484 0.132094 0.344189 0.109791 -0.0199666 0.0774632 -0.101935 -0.0241478 -0.104577 0.219666 -0.0272815 0.301398 -0.298689 -0.0164855 0.0807211 0.0455829 0.206738 0.0107388 0.312076 -0.253014 -0.144131 0.373241 0.307494 0.320935 0.125047 -0.260374 -0.119179 -0.0333423 0.243172 0.540495 -0.131372 0.156201 -0.354796 -0.0599756 0.139096 -0.0480097 -0.22338 0.073167 -0.581411 100.609 -10031.4 -9686.92 -9491.71 -10033.4 -10367.2 -9943.4 -9851.57 -9855.26 -9931 
92 | 66:   0.925206 0.433274 0.278113 0.303948 0.250422 0.0622317 0.323953 -0.0530391 -0.0106667 0.0362968 0.119201 -0.00708513 0.0787327 0.043424 0.102785 0.120133 0.0712019 0.20722 0.107675 0.217766 0.095407 0.0409272 0.108191 0.203032 0.0580829 -0.136888 -0.0896515 0.292977 -0.064518 0.0358336 0.321517 0.183346 0.0307533 0.0144681 0.132514 0.0780724 -0.0821807 0.0774152 -0.0655511 0.12564 -0.0243771 0.0887363 -0.342528 0.0442282 -0.00607247 0.209964 0.355709 0.00339092 0.032557 0.0355643 0.0181258 0.191986 -0.0568129 0.158862 -0.256444 -0.105859 0.135273 -0.0524553 0.111124 -0.020918 0.114217 -0.102568 0.0196203 0.11629 -0.142756 -0.0609447 -0.0531277 0.104108 -0.128871 -0.0573496 -0.22205 0.28671 0.0441644 -0.184692 0.10769 -0.293189 0.254101 0.0669307 0.207863 -0.25211 -0.21278 0.174839 0.281095 -0.00067678 -0.174948 0.432553 -0.256295 0.0260429 0.602495 0.30454 -0.326971 104.302 -9828.59 -9686.96 -10090 -10572.1 -10205.5 -9970.49 -10097.8 -10137.3 
93 | 49:   0.885322 0.540783 0.0830295 0.126594 0.210586 0.176751 0.155108 0.121168 0.118182 0.146431 0.228379 0.232035 0.0770839 0.163997 0.1191 0.0646755 0.0215242 -0.164287 0.123094 0.146007 0.0196745 -0.0891597 0.171319 0.200567 0.238733 -0.0493603 0.116175 -0.00634829 0.0169564 0.122429 0.0952886 0.131784 0.124414 0.09879 -0.0872244 0.0664912 -0.0534787 -0.00882786 -0.225172 0.205239 0.0306795 0.115308 0.0682378 -0.0856069 0.0184463 0.341447 0.0111941 -0.0231049 -0.0118911 -0.0386283 0.0422085 -0.180974 0.0810174 0.19729 0.0902587 0.0237093 -0.0296049 0.0521967 0.038293 0.106747 0.231639 -0.238187 0.0804361 -0.0181108 0.181428 -0.250971 -0.377885 0.19036 -0.171824 -0.224892 0.219185 -0.456119 0.062244 0.179571 0.0168494 0.0919592 0.136115 0.187787 -0.0287889 0.385734 -0.214394 0.279868 0.0182717 -0.764016 -0.193847 -0.511558 -0.460345 -0.34976 0.0234736 0.0413213 -0.101131 0.590679 108.662 -9342.99 -9706.8 -10059.6 -9816.52 -9774.58 -9564.93 -9611.24 
94 | 77:   0.866239 0.549549 0.306271 0.286957 0.176983 0.0153252 0.142081 0.191935 0.207433 0.266993 0.0971168 0.114299 -0.0117628 -0.0193704 -0.0208283 0.0310957 0.10044 0.055697 0.271578 0.0971943 0.122365 0.201343 0.231229 0.00569816 0.21558 0.0626375 0.0903111 -0.0179002 -0.0834332 0.0740352 -0.0237802 0.1501 0.102741 0.249622 -0.0271814 -0.0883583 -0.0228204 0.154577 0.109215 0.175303 -0.0352294 -0.119718 0.197408 0.0141612 0.0611031 -0.106365 0.124404 0.0751048 -0.196347 0.068635 0.134361 0.107909 0.000807462 0.045863 0.112333 -0.0549892 -0.0620142 0.0442587 0.0954884 -0.0973379 0.222433 0.109631 -0.120929 -0.0631514 -0.140025 0.0563124 0.0298578 -0.103996 0.348219 -0.0679987 -0.118241 0.0877068 -0.227531 0.113768 -0.0168311 0.0703678 0.195812 -0.267749 0.105043 0.118451 -0.179935 -0.00778554 0.0297295 0.197545 -0.898898 0.00666988 0.223657 -0.49204 0.238786 -0.223982 -0.336233 0.177532 0.723183 158.39 -9547.78 -9953.86 -9785.38 -9462.47 -9681.1 -9489.59 
95 | 90:   0.891562 0.540048 0.367395 0.284543 0.37766 0.292005 0.13647 0.168202 0.00389177 0.137909 0.147308 0.0817352 0.0761371 0.109432 -0.157521 -0.0722009 0.0943694 0.0537627 -0.040901 -0.0537176 -0.0271182 0.0828704 0.328243 0.444313 0.052991 -0.0691474 0.213929 0.116919 0.252304 0.104107 -0.168186 0.146937 0.0148206 0.126369 0.177437 0.258323 -0.140418 -0.179823 -0.000282457 0.0935949 0.234397 0.034934 -0.0746975 -0.102944 0.0875538 -0.14884 -0.05001 0.0324365 -0.0326159 0.207463 0.0822474 -0.29234 -0.00269698 0.146342 -0.0993024 0.0934957 0.119655 -0.0697499 0.00743378 -0.191032 -0.0082209 -0.144388 0.143964 0.164291 0.303918 -0.044802 -0.519456 0.195985 0.116476 -0.315049 -0.447432 0.00102192 -0.0292899 -0.361645 0.497083 0.368835 0.00120685 0.0372102 -0.034792 0.0240934 -0.186831 -0.358768 -0.0140469 -0.0733342 0.163546 -0.29048 0.747947 0.122152 -0.0268112 0.49991 -0.573428 -0.219018 0.325116 0.206223 121.083 -10519.3 -10180.2 -9854.6 -9874.77 -9912.34 
96 | 95:   0.944198 0.626643 0.307209 0.391884 0.30923 0.166547 -0.112597 0.154928 0.116015 0.020503 0.10434 -0.0373437 -0.0415154 0.122802 0.00939344 0.0551419 0.154392 0.151163 -0.0387995 0.0565993 0.185813 0.031922 -0.0070812 0.271147 -0.0752519 -0.0524308 -0.0305109 -0.139771 0.0771849 -0.123412 0.0674362 0.0476963 0.273991 -0.0794127 -0.0925369 0.0807361 -0.160428 -0.144368 -0.0363929 -0.0333717 0.249022 0.30847 -0.322591 0.202548 0.186096 -0.09011 -0.1388 0.0628032 -0.0656744 -0.0393685 0.0790551 0.155413 0.0588524 -0.158588 -0.141193 0.000653421 -0.19209 -0.344482 0.121409 0.12684 0.210166 -0.0875309 -0.0636435 0.071118 0.0620101 0.108579 -0.377417 -0.0955189 -0.158494 0.146611 0.0457846 0.246385 0.0741885 -0.0155751 -0.116871 -0.0408195 0.372068 0.0802999 -0.0583639 0.1182 0.0921346 0.154174 -0.0151207 0.285422 0.0931982 -0.149224 -0.602681 0.30812 0.0432917 -0.0132805 -0.543602 -0.345645 -0.133693 0.0455624 -0.428174 44.9963 -10528.8 -10444.3 -10428.9 -10438.5 
97 | 67:   0.937234 0.487809 0.139465 0.31939 0.223384 0.135501 -0.0295773 0.0419683 0.219645 0.099276 0.013942 0.216794 0.0545666 0.0570894 -0.136377 0.213997 0.231511 0.113407 -0.093978 -0.073975 -0.247658 -0.0801618 -0.0814042 0.023387 0.0324062 0.0236007 0.224837 0.0151935 0.0190511 0.0801275 -0.062571 0.0519943 -0.0617969 0.317936 0.219424 -0.169472 -0.142781 -0.00460091 0.031829 0.0448369 0.0126661 0.0825788 0.141194 -0.325374 0.0570223 0.116876 -0.0239229 -0.176268 -0.00347877 0.140792 -0.0430591 0.150055 0.0992381 -0.0753603 -0.189933 -0.0785058 0.0623384 0.126762 0.181805 -0.121672 0.0159978 0.0966054 -0.248949 0.0169713 0.117277 0.0949074 0.0425141 0.0924388 0.132445 -0.0970939 0.457485 0.0926226 0.0398778 -0.142935 0.136638 -0.031797 -0.0296052 -0.328682 -0.106145 -0.000368426 0.31174 -0.154885 -0.207459 -0.231741 0.019206 -0.336487 0.220074 -0.0658677 0.537593 -0.14834 0.113371 0.288958 -0.00166001 0.0988193 0.197883 0.37675 5.52575 -10089 -10237.2 -10214.8 
98 | 75:   0.893009 0.536498 0.272146 0.330305 0.280428 0.299875 0.167324 0.0996264 0.0786122 0.0979996 0.172851 0.125271 0.139139 0.0837866 0.140895 0.220229 -0.00419043 -0.213286 0.0522547 0.142891 0.103267 -0.0728585 0.00427296 -0.00551003 0.127844 0.0997504 0.217741 -0.0490685 0.0210715 0.249486 -0.0950228 -0.096367 -0.086222 0.118227 -0.156119 -0.00351035 0.0296882 -0.0573852 -0.236474 0.130121 0.128152 0.505846 0.0510758 0.0588021 0.102451 -0.112567 0.132371 0.0928408 0.178716 0.102077 0.0777197 0.214081 0.30308 0.0642153 -0.287705 0.0450049 -0.101649 0.0931412 0.112139 0.212599 -0.0123355 -0.138538 -0.0364399 0.00312463 0.262146 -0.0978553 -0.299033 -0.250854 -0.0591435 0.100315 -0.241149 -0.356615 0.217025 -0.0522183 0.0156797 -0.031285 -0.0391844 0.0801544 0.0124868 0.220892 0.420091 0.230298 -0.0873644 -0.244167 0.217005 0.268476 0.584184 -0.577061 0.53773 -0.849578 0.238247 -0.266295 0.475248 0.443035 -0.433568 0.384504 1.44526 27.4722 -9813.42 -9844.64 
99 | 93:   0.895541 0.61162 0.447361 0.295364 0.101155 0.121829 0.0162568 0.0724937 0.143058 0.00589914 0.200372 0.0945166 -0.0115559 0.131302 0.0189672 0.284854 0.0958222 0.109074 0.176746 0.0966389 0.0414194 0.0704858 0.178526 0.0226261 0.00417597 -0.0201172 -0.00916007 0.00720178 0.0247756 0.163608 -0.085866 -0.0515209 0.0561453 0.143047 0.087085 -0.186711 -0.197802 0.143151 0.121647 -0.173168 0.100207 -0.248141 -0.109538 -0.24176 0.303291 0.204232 0.238357 -0.103027 -0.155041 0.12359 0.0657738 0.316205 -0.06751 -0.129969 -0.0178502 0.102264 0.0257572 -0.0638203 -0.0757842 0.153677 -0.0839883 -0.0581535 -0.0894052 -0.0448748 0.230066 -0.0859145 -0.261187 -0.315425 -0.0677587 -0.0651503 -0.265594 -0.218089 0.0723747 0.277016 0.0825573 -0.0390322 -0.396185 0.217872 0.0613861 -0.400433 0.252219 0.278781 -0.174729 -0.023796 -0.278966 0.195238 -0.115032 -0.506915 -0.274994 0.346393 0.156201 -0.41966 -0.197937 -0.116226 -0.318956 0.566532 -2.03927 -0.16781 2.10799 -9949.66 
100 | 78:   0.911821 0.559822 0.345056 0.295835 0.263701 0.118664 0.0804331 0.018549 -0.116668 0.0960153 0.150243 0.0238049 -0.126999 0.0208475 0.0901817 0.0757938 0.13482 0.0110179 -0.0906328 0.0259244 -0.0938522 0.175278 -0.149069 0.0745948 -0.0109637 0.145229 -0.107721 0.0309777 0.0711708 -0.0848323 0.172485 -0.142191 0.154027 0.0236914 0.137936 0.181475 -0.0397738 0.0474883 -0.192658 0.163528 -0.117069 0.0438683 0.0681422 -0.282321 -0.149937 -0.0553798 0.00922631 -0.15009 0.112713 -0.0098542 -0.100118 0.301491 -0.0980336 -0.106657 0.177055 -0.0176524 0.113414 0.0523511 0.0351047 0.105568 -0.0741426 -0.0108296 0.299662 -0.0337992 -0.0652238 0.0309651 -0.124168 0.0169259 0.0064199 -0.00435418 0.0320115 0.268427 -0.569257 -0.131528 -0.0910963 0.068006 -0.2764 -0.201984 0.0181501 -0.0708048 0.212637 -0.385567 -0.0743886 0.338258 -0.0698326 -0.189963 0.438699 -0.763299 0.122372 -0.0216865 0.198606 0.239196 -0.462923 0.212961 0.167236 -0.384923 0.0493094 1.28645 -0.36007 8.43258 
_______________________________
